Classification report:
               precision    recall  f1-score   support

           0       0.18      0.18      0.18        11
           1       0.29      0.12      0.17        16
           2       0.18      0.40      0.24        15
           3       0.06      0.12      0.08         8
           4       0.09      0.12      0.10        17
           5       0.33      0.20      0.25        10
           6       0.00      0.00      0.00        10
           7       1.00      0.27      0.43        22
           8       0.48      0.85      0.61        13
           9       0.42      0.38      0.40        13
          10       0.17      0.13      0.15        15
          11       0.27      0.17      0.21        18
          12       0.14      0.11      0.12         9
          13       0.08      0.09      0.08        11
          14       1.00      0.65      0.79        20
          15       0.00      0.00      0.00         5
          16       0.20      0.08      0.11        25
          17       0.22      0.46      0.30        13
          18       0.15      0.13      0.14        15
          19       0.11      0.16      0.13        19
          20       0.50      0.23      0.32        13
          21       0.12      0.37      0.18        19
          22       0.21      0.33      0.26        15
          23       0.12      0.10      0.11        20
          24       0.06      0.06      0.06        17
          25       0.40      0.17      0.24        12
          26       0.00      0.00      0.00        12
          27       0.33      0.20      0.25        25
          28       0.45      0.56      0.50        18
          29       0.78      0.64      0.70        11
          30       0.40      0.20      0.27        10
          31       0.57      0.25      0.35        16
          32       0.89      0.94      0.91        17
          33       0.71      0.36      0.48        14
          34       0.43      0.53      0.48        19
          35       0.86      0.55      0.67        11
          36       0.20      0.07      0.11        14
          37       0.32      0.37      0.34        19
          38       0.21      0.15      0.18        20
          39       1.00      0.33      0.50         9
          40       1.00      0.45      0.62        22
          41       0.80      0.33      0.47        24
          42       0.45      0.19      0.26        27
          43       0.85      0.65      0.73        17
          44       1.00      0.29      0.44         7
          46       0.55      0.33      0.41        18
          47       0.25      0.20      0.22        15
          48       0.50      0.05      0.09        21
          49       0.67      0.67      0.67        21
          50       0.20      0.18      0.19        17
          51       0.25      0.06      0.09        18
          52       0.19      0.36      0.25        14
          53       1.00      0.92      0.96        26
          54       0.75      0.75      0.75         8
          55       0.00      0.00      0.00        15
          56       0.14      0.06      0.08        17
          57       0.71      0.42      0.53        12
          58       0.20      0.71      0.31         7
          59       0.67      0.15      0.25        13
          60       0.09      0.19      0.12        16
          61       0.33      0.48      0.39        25
          62       0.17      0.23      0.19        13
          63       0.12      0.08      0.10        12
          64       0.00      0.00      0.00         8
          65       0.05      0.11      0.07         9
          66       0.80      0.44      0.57         9
          67       0.04      0.06      0.05        18
          68       0.09      0.06      0.07        16
          69       0.00      0.00      0.00         9
          70       1.00      0.40      0.57        10
          71       0.50      0.25      0.33        20
          72       0.00      0.00      0.00        21
          73       0.50      0.15      0.24        13
          74       1.00      0.25      0.40        12
          75       0.00      0.00      0.00        16
          76       0.24      0.40      0.30        10
          77       0.00      0.00      0.00        12
          78       0.08      0.14      0.11         7
          79       0.05      0.12      0.07        16
          80       0.07      0.06      0.07        16
          81       0.20      0.11      0.14         9
          82       0.19      0.25      0.21        12
          83       0.00      0.00      0.00         7
          84       0.37      0.67      0.48        15
          85       0.40      0.21      0.28        19
          86       0.39      0.54      0.45        13
          87       0.11      0.06      0.07        18
          88       0.50      0.12      0.19        17
          89       0.44      0.25      0.32        16
          90       1.00      0.64      0.78        11
          91       0.08      0.12      0.10        16
          92       0.14      0.15      0.15        13
          93       0.36      0.18      0.24        22
          94       0.71      0.67      0.69        15
          95       0.43      0.38      0.40         8
          96       0.17      0.09      0.12        11
          97       0.08      0.30      0.12        10
          98       1.00      0.47      0.64        17
          99       0.00      0.00      0.00        10
         100       0.07      0.07      0.07        14
         101       0.71      0.45      0.56        11
         102       1.00      0.17      0.29        12
         103       0.33      0.10      0.15        10
         104       0.16      0.16      0.16        19
         105       0.22      0.22      0.22         9
         106       0.00      0.00      0.00         9
         107       0.10      0.06      0.07        17
         108       0.00      0.00      0.00        13
         109       0.38      0.40      0.39        15
         110       0.26      0.19      0.22        27
         111       0.00      0.00      0.00         0
         112       0.75      0.23      0.35        13
         113       0.92      0.60      0.73        20
         114       0.25      0.67      0.36         9
         115       0.00      0.00      0.00        16
         116       0.33      0.17      0.23        23
         117       1.00      0.88      0.93        16
         118       0.17      0.31      0.22        16
         119       0.00      0.00      0.00         4
         120       0.91      0.88      0.89        24
         121       0.19      0.21      0.20        19
         122       0.00      0.00      0.00        17
         123       0.17      0.17      0.17        18
         124       0.70      0.78      0.74         9
         125       0.83      0.45      0.59        11
         126       0.14      0.07      0.10        14
         127       0.20      0.31      0.24        13
         128       0.20      0.33      0.25        18
         129       0.15      0.17      0.16        12
         130       0.89      1.00      0.94         8
         131       0.18      0.14      0.16        14
         132       0.10      0.25      0.14         8
         133       0.09      0.30      0.14        10
         134       0.12      0.19      0.15        16
         135       0.83      0.19      0.31        26
         136       0.40      0.50      0.44        12
         137       0.00      0.00      0.00         6
         138       0.00      0.00      0.00        12
         139       0.33      0.25      0.29        20
         140       0.33      0.27      0.30        15
         141       1.00      0.12      0.22        16
         142       0.10      0.06      0.07        18
         143       0.30      0.64      0.41        14
         144       0.14      0.06      0.09        16
         145       0.03      0.18      0.06        11
         146       0.10      0.08      0.09        12
         147       0.13      0.36      0.19        11
         148       0.50      0.44      0.47         9
         149       0.38      0.45      0.42        11
         150       0.13      0.11      0.12        18
         151       0.29      0.11      0.16        18
         152       0.42      0.42      0.42        12
         153       0.05      0.27      0.09        11
         154       0.04      0.05      0.04        20
         155       0.05      0.05      0.05        19
         156       0.00      0.00      0.00         9
         157       0.11      0.07      0.09        14
         158       1.00      0.85      0.92        13
         159       0.36      0.38      0.37        13
         160       0.00      0.00      0.00        12
         161       0.33      0.08      0.12        13
         162       0.13      0.39      0.19        18
         163       0.00      0.00      0.00        21
         164       0.24      0.27      0.25        15
         165       1.00      0.22      0.36         9
         166       0.50      0.36      0.42        11
         167       0.00      0.00      0.00        13
         168       0.07      0.15      0.10        13
         169       0.08      0.14      0.10        14
         170       0.16      0.44      0.24         9
         171       0.07      0.19      0.10        16
         172       0.14      0.45      0.21        20
         173       0.15      0.13      0.14        15
         174       0.09      0.21      0.13        14
         175       0.67      0.29      0.40         7
         176       0.27      0.14      0.18        22
         177       0.24      0.29      0.26        14
         178       1.00      1.00      1.00         7
         179       0.05      0.11      0.07        19
         180       0.33      0.09      0.14        11
         181       0.10      0.11      0.10        18
         182       0.18      0.19      0.19        26
         183       0.24      0.31      0.27        13
         184       0.00      0.00      0.00         5
         185       0.00      0.00      0.00        13
         186       0.36      0.31      0.33        13
         187       0.48      0.58      0.52        19
         188       0.11      0.08      0.10        12
         189       0.08      0.08      0.08        12
         190       0.22      0.12      0.16        16
         191       0.25      0.06      0.10        16
         192       0.25      0.10      0.14        10
         193       0.94      0.94      0.94        18
         194       0.00      0.00      0.00        10
         195       1.00      0.74      0.85        19
         196       0.24      0.18      0.21        22
         197       0.15      0.12      0.14        16
         198       0.62      0.67      0.64        12
         199       0.25      0.08      0.12        13
         200       0.33      0.86      0.48         7
         201       0.13      0.17      0.15        12
         202       0.09      0.09      0.09        22
         203       0.19      0.33      0.24        12
         204       0.45      0.42      0.43        12
         205       0.24      0.35      0.29        20
         206       0.86      0.86      0.86        14
         207       1.00      0.50      0.67        10
         208       0.70      0.70      0.70        20
         209       0.75      0.60      0.67        10
         210       0.14      0.08      0.11        12
         211       0.75      0.56      0.64        27
         212       0.10      0.10      0.10        10
         213       0.60      0.43      0.50        14
         214       0.00      0.00      0.00        12
         215       0.18      0.24      0.21        17
         216       0.00      0.00      0.00        14
         217       0.71      0.83      0.77        12
         218       0.15      0.29      0.20        14
         219       0.33      0.33      0.33        18
         220       0.60      0.21      0.32        14
         221       0.12      0.08      0.09        26
         222       0.60      0.25      0.35        12
         223       0.04      0.07      0.05        15
         224       0.20      0.06      0.10        16
         225       0.33      0.33      0.33        15
         226       0.33      0.07      0.11        15
         227       0.57      0.29      0.38        14
         228       0.30      0.27      0.29        11
         229       0.00      0.00      0.00        16
         230       0.62      0.50      0.56        10
         231       0.82      0.88      0.85        16
         232       0.06      0.10      0.08        10
         233       0.33      0.11      0.16        19
         234       0.83      0.62      0.71         8
         235       0.33      0.69      0.45        26
         236       0.50      0.07      0.12        14
         237       0.27      0.31      0.29        13
         238       0.12      0.12      0.12        16
         239       0.50      0.39      0.44        23
         240       0.50      0.15      0.24        13
         241       0.71      0.42      0.53        12
         242       0.20      0.06      0.09        18
         243       0.62      0.42      0.50        12
         244       0.00      0.00      0.00        12
         245       0.13      0.57      0.22         7
         246       0.35      0.69      0.46        13
         247       0.14      0.11      0.12         9
         248       0.92      0.92      0.92        13
         249       0.03      0.05      0.04        20
         250       0.67      0.18      0.29        11
         251       0.10      0.08      0.09        12
         252       1.00      0.20      0.33        10
         253       0.57      0.29      0.38        14
         254       0.09      0.10      0.09        21
         255       0.75      0.57      0.65        21
         256       0.12      0.23      0.16        13
         257       0.21      0.18      0.19        17
         258       0.47      0.62      0.53        13
         259       0.12      0.11      0.11        18
         260       0.33      0.17      0.22        12
         261       0.40      0.67      0.50         9
         262       0.25      0.53      0.34        19
         263       0.50      0.17      0.25        12
         264       0.80      0.33      0.47        12
         265       0.12      0.09      0.11        11
         266       0.25      0.13      0.17        15
         267       0.00      0.00      0.00        10
         268       0.29      0.11      0.15        19
         269       1.00      0.85      0.92        13
         270       0.50      0.07      0.12        14
         271       0.00      0.00      0.00        12
         272       0.12      0.11      0.12         9
         273       0.08      0.06      0.07        16
         274       0.14      0.09      0.11        23
         275       0.00      0.00      0.00         0
         276       0.04      0.06      0.05        16
         277       0.00      0.00      0.00        12
         278       1.00      0.80      0.89        15
         279       0.78      0.37      0.50        19
         280       0.00      0.00      0.00        13
         281       0.57      0.29      0.38        14
         282       0.25      0.38      0.30         8
         283       0.57      0.44      0.50         9
         284       0.50      0.46      0.48        13
         285       0.00      0.00      0.00        10
         286       0.21      0.50      0.29        10
         287       0.50      0.14      0.22        14
         288       1.00      0.53      0.70        15
         289       0.06      0.08      0.06        13
         290       0.56      0.38      0.45        13
         291       0.13      0.30      0.18        20
         292       0.70      0.70      0.70        10
         293       1.00      0.91      0.95        23
         294       0.75      0.25      0.38        12
         295       0.57      0.73      0.64        11
         296       1.00      0.58      0.74        12

    accuracy                           0.28      4243
   macro avg       0.35      0.28      0.28      4243
weighted avg       0.36      0.28      0.29      4243
