Classification report:
               precision    recall  f1-score   support

           0       0.00      0.00      0.00         8
           1       0.00      0.00      0.00        18
           2       0.00      0.00      0.00        13
           3       0.00      0.00      0.00         9
           4       0.00      0.00      0.00        18
           5       0.00      0.00      0.00        10
           6       0.00      0.00      0.00         9
           7       1.00      0.31      0.47        13
           8       1.00      0.36      0.53        14
           9       1.00      0.09      0.17        11
          10       0.00      0.00      0.00        10
          11       0.00      0.00      0.00        11
          12       0.00      0.00      0.00         9
          13       0.00      0.00      0.00        15
          14       1.00      0.50      0.67        18
          15       0.00      0.00      0.00        14
          16       0.00      0.00      0.00        13
          17       0.00      0.00      0.00        17
          18       0.00      0.00      0.00        21
          19       0.00      0.00      0.00        20
          20       0.00      0.00      0.00         4
          21       0.00      1.00      0.01        13
          22       0.00      0.00      0.00        14
          23       0.00      0.00      0.00        19
          24       0.00      0.00      0.00        16
          25       0.00      0.00      0.00        17
          26       0.00      0.00      0.00        10
          27       0.00      0.00      0.00        17
          28       0.67      0.36      0.47        22
          29       1.00      0.13      0.24        15
          30       0.00      0.00      0.00        13
          31       0.00      0.00      0.00        12
          32       1.00      0.88      0.94        17
          33       0.00      0.00      0.00        15
          34       0.75      0.25      0.38        12
          35       0.00      0.00      0.00         8
          36       0.00      0.00      0.00         7
          37       0.00      0.00      0.00        18
          38       0.00      0.00      0.00        20
          39       1.00      0.78      0.88         9
          40       1.00      0.73      0.84        11
          41       1.00      0.38      0.55        16
          42       0.00      0.00      0.00        19
          43       1.00      0.33      0.50         9
          44       1.00      0.33      0.50         9
          45       0.00      0.00      0.00         2
          46       0.00      0.00      0.00        18
          47       0.00      0.00      0.00        12
          48       0.00      0.00      0.00        11
          49       1.00      0.75      0.86        16
          50       0.00      0.00      0.00         9
          51       0.00      0.00      0.00        17
          52       0.00      0.00      0.00        10
          53       1.00      1.00      1.00        21
          54       1.00      0.43      0.60         7
          55       1.00      0.40      0.57        10
          56       0.00      0.00      0.00         9
          57       0.00      0.00      0.00        11
          58       0.00      0.00      0.00        23
          59       0.00      0.00      0.00        16
          60       0.00      0.00      0.00        16
          61       1.00      0.11      0.20        18
          62       0.00      0.00      0.00        15
          63       0.00      0.00      0.00        13
          64       0.00      0.00      0.00        12
          65       0.00      0.00      0.00         6
          66       0.00      0.00      0.00        11
          67       0.00      0.00      0.00        15
          68       0.00      0.00      0.00        22
          69       0.00      0.00      0.00        22
          70       1.00      0.13      0.24        15
          71       0.00      0.00      0.00        16
          72       0.00      0.00      0.00        14
          73       0.00      0.00      0.00         7
          74       0.00      0.00      0.00        11
          75       0.00      0.00      0.00        13
          76       0.00      0.00      0.00        11
          77       0.00      0.00      0.00        10
          78       0.00      0.00      0.00        13
          79       0.00      0.00      0.00        13
          80       0.00      0.00      0.00        20
          81       0.00      0.00      0.00        14
          82       0.00      0.00      0.00        17
          83       0.00      0.00      0.00        11
          84       0.00      0.00      0.00        15
          85       0.00      0.00      0.00        17
          86       1.00      0.19      0.32        16
          87       0.00      0.00      0.00        16
          88       0.00      0.00      0.00        15
          89       0.00      0.00      0.00        16
          90       0.00      0.00      0.00        15
          91       0.00      0.00      0.00        23
          92       0.00      0.00      0.00         9
          93       0.00      0.00      0.00        15
          94       1.00      0.47      0.64        15
          95       1.00      0.18      0.31        11
          96       0.00      0.00      0.00        21
          97       0.00      0.00      0.00        14
          98       1.00      0.25      0.40        12
          99       0.00      0.00      0.00         8
         100       0.00      0.00      0.00        13
         101       1.00      0.25      0.40         8
         102       0.00      0.00      0.00        14
         103       0.00      0.00      0.00        16
         104       0.00      0.00      0.00        28
         105       0.00      0.00      0.00        13
         106       0.00      0.00      0.00         5
         107       1.00      0.06      0.12        16
         108       0.00      0.00      0.00        10
         109       1.00      0.06      0.12        16
         110       1.00      0.05      0.09        21
         111       0.00      0.00      0.00         1
         112       0.00      0.00      0.00        17
         113       1.00      0.68      0.81        22
         114       0.00      0.00      0.00        10
         115       0.00      0.00      0.00        23
         116       0.00      0.00      0.00        21
         117       1.00      0.81      0.90        16
         118       0.00      0.00      0.00        13
         119       0.00      0.00      0.00        12
         120       1.00      0.89      0.94        27
         121       0.00      0.00      0.00        24
         122       0.00      0.00      0.00        13
         123       0.00      0.00      0.00        28
         124       1.00      0.79      0.88        14
         125       0.00      0.00      0.00        10
         126       0.00      0.00      0.00        13
         127       0.00      0.00      0.00        17
         128       0.00      0.00      0.00        18
         129       0.00      0.00      0.00        16
         130       1.00      0.81      0.90        16
         131       0.00      0.00      0.00        11
         132       0.00      0.00      0.00        15
         133       0.00      0.00      0.00        17
         134       0.00      0.00      0.00        10
         135       0.00      0.00      0.00        21
         136       0.00      0.00      0.00        14
         137       0.00      0.00      0.00        13
         138       0.00      0.00      0.00        14
         139       1.00      0.10      0.17        21
         140       0.00      0.00      0.00        18
         141       0.00      0.00      0.00         8
         142       0.00      0.00      0.00        11
         143       0.00      0.00      0.00        14
         144       0.00      0.00      0.00        17
         145       0.00      0.00      0.00        18
         146       0.00      0.00      0.00        11
         147       0.00      0.00      0.00         7
         148       1.00      0.57      0.73         7
         149       0.00      0.00      0.00        23
         150       0.00      0.00      0.00        20
         151       0.00      0.00      0.00        11
         152       1.00      0.25      0.40        12
         153       0.00      0.00      0.00        17
         154       0.00      0.00      0.00        13
         155       0.00      0.00      0.00         9
         156       0.00      0.00      0.00        14
         157       0.00      0.00      0.00        16
         158       1.00      0.75      0.86         8
         159       0.80      0.33      0.47        12
         160       0.00      0.00      0.00        11
         161       0.00      0.00      0.00        15
         162       0.00      0.00      0.00        15
         163       0.00      0.00      0.00        17
         164       0.00      0.00      0.00        14
         165       0.00      0.00      0.00        14
         166       0.00      0.00      0.00        12
         167       0.00      0.00      0.00        12
         168       0.00      0.00      0.00        21
         169       0.00      0.00      0.00        14
         170       1.00      0.14      0.25         7
         171       0.00      0.00      0.00        26
         172       0.00      0.00      0.00        10
         173       0.00      0.00      0.00        10
         174       0.00      0.00      0.00        20
         175       0.00      0.00      0.00        13
         176       0.00      0.00      0.00        21
         177       0.00      0.00      0.00        14
         178       1.00      1.00      1.00        11
         179       0.00      0.00      0.00        11
         180       0.00      0.00      0.00        15
         181       0.05      0.08      0.06        13
         182       1.00      0.05      0.10        19
         183       0.00      0.00      0.00        16
         184       0.00      0.00      0.00         9
         185       0.00      0.00      0.00        16
         186       1.00      0.17      0.29        12
         187       1.00      0.25      0.40        16
         188       0.00      0.00      0.00        14
         189       0.00      0.00      0.00        18
         190       1.00      0.05      0.09        21
         191       0.00      0.00      0.00        13
         192       0.00      0.00      0.00         9
         193       1.00      0.80      0.89        15
         194       0.00      0.00      0.00        11
         195       1.00      1.00      1.00        17
         196       0.00      0.00      0.00        24
         197       0.00      0.00      0.00        16
         198       1.00      0.62      0.76        13
         199       0.00      0.00      0.00        15
         200       0.00      0.00      0.00        11
         201       0.00      0.00      0.00        16
         202       0.00      0.00      0.00        22
         203       0.00      0.00      0.00        12
         204       0.00      0.00      0.00         7
         205       1.00      0.07      0.12        15
         206       1.00      0.70      0.82        10
         207       0.00      0.00      0.00        14
         208       1.00      0.62      0.76        21
         209       1.00      0.20      0.33        10
         210       0.00      0.00      0.00         5
         211       0.94      0.48      0.64        31
         212       0.00      0.00      0.00        11
         213       1.00      0.08      0.14        13
         214       0.00      0.00      0.00        10
         215       1.00      0.06      0.11        18
         216       0.00      0.00      0.00        12
         217       0.00      0.00      0.00         9
         218       0.00      0.00      0.00        13
         219       0.00      0.00      0.00        18
         220       0.00      0.00      0.00        13
         221       0.00      0.00      0.00        15
         222       0.00      0.00      0.00        10
         223       0.00      0.00      0.00        17
         224       0.00      0.00      0.00        11
         225       0.00      0.00      0.00        13
         226       0.00      0.00      0.00        19
         227       0.00      0.00      0.00        18
         228       0.00      0.00      0.00        13
         229       0.00      0.00      0.00        17
         230       1.00      0.13      0.24        15
         231       1.00      0.92      0.96        13
         232       0.00      0.00      0.00        10
         233       1.00      0.27      0.43        11
         234       1.00      0.09      0.17        11
         235       1.00      0.53      0.70        15
         236       0.00      0.00      0.00         7
         237       1.00      0.10      0.18        20
         238       0.00      0.00      0.00        13
         239       1.00      0.46      0.63        13
         240       1.00      0.20      0.33        15
         241       0.00      0.00      0.00        19
         242       0.00      0.00      0.00        16
         243       0.00      0.00      0.00        15
         244       0.00      0.00      0.00        17
         245       0.00      0.00      0.00        16
         246       1.00      0.12      0.21        17
         247       1.00      0.17      0.29         6
         248       1.00      0.88      0.93        16
         249       0.00      0.00      0.00        14
         250       1.00      0.79      0.88        19
         251       0.00      0.00      0.00        23
         252       0.00      0.00      0.00        13
         253       0.00      0.00      0.00        13
         254       0.00      0.00      0.00        22
         255       1.00      0.87      0.93        15
         256       0.00      0.00      0.00        14
         257       0.00      0.00      0.00        11
         258       0.00      0.00      0.00        12
         259       0.00      0.00      0.00        14
         260       0.00      0.00      0.00        16
         261       1.00      0.60      0.75        10
         262       0.00      0.00      0.00        22
         263       1.00      0.08      0.15        12
         264       0.00      0.00      0.00        17
         265       0.00      0.00      0.00        13
         266       0.00      0.00      0.00        14
         267       0.00      0.00      0.00         5
         268       0.00      0.00      0.00        11
         269       1.00      1.00      1.00        12
         270       0.00      0.00      0.00        16
         271       0.00      0.00      0.00        13
         272       1.00      0.07      0.13        14
         273       0.00      0.00      0.00        18
         274       0.00      0.00      0.00        11
         275       0.00      0.00      0.00         2
         276       0.00      0.00      0.00        17
         277       0.00      0.00      0.00         9
         278       1.00      0.71      0.83        17
         279       0.00      0.00      0.00        22
         280       0.00      0.00      0.00        10
         281       0.00      0.00      0.00        23
         282       0.00      0.00      0.00        17
         283       0.00      0.00      0.00        13
         284       1.00      0.42      0.59        19
         285       0.00      0.00      0.00        15
         286       0.00      0.00      0.00        12
         287       0.00      0.00      0.00        14
         288       1.00      0.89      0.94        19
         289       0.00      0.00      0.00        11
         290       1.00      0.07      0.13        14
         291       0.75      0.30      0.43        10
         292       1.00      0.76      0.87        17
         293       1.00      0.90      0.95        20
         294       0.00      0.00      0.00         8
         295       1.00      0.12      0.22        16
         296       1.00      0.64      0.78        14

    accuracy                           0.12      4243
   macro avg       0.26      0.12      0.14      4243
weighted avg       0.27      0.12      0.15      4243
