55 0.385375 0.240793 0.063241 0.028329
55 0.561265 0.247875 0.059289 0.036827
55 0.724308 0.262040 0.053360 0.031161
55 0.563241 0.344193 0.063241 0.031161
55 0.463439 0.291785 0.049407 0.033994
55 0.383399 0.342776 0.047431 0.039660
55 0.296443 0.294618 0.043478 0.039660
55 0.301383 0.201133 0.053360 0.056657
55 0.477273 0.192635 0.057312 0.039660
55 0.652174 0.109065 0.071146 0.025496
55 0.641304 0.205382 0.049407 0.042493
55 0.639328 0.609065 0.053360 0.039660
55 0.554348 0.548159 0.061265 0.048159
55 0.561265 0.446176 0.047431 0.048159
55 0.730237 0.447592 0.065217 0.033994
55 0.746047 0.356941 0.061265 0.039660
55 0.636364 0.300283 0.075099 0.045326
55 0.641304 0.406516 0.065217 0.031161
55 0.479249 0.400850 0.088933 0.048159
55 0.287549 0.390935 0.061265 0.039660
55 0.200593 0.440510 0.049407 0.031161
55 0.281621 0.501416 0.057312 0.033994
55 0.378458 0.447592 0.057312 0.033994
55 0.454545 0.494334 0.067194 0.031161
55 0.639328 0.505666 0.053360 0.036827
55 0.799407 0.516997 0.061265 0.031161
55 0.812253 0.413598 0.063241 0.039660
55 0.735178 0.563739 0.039526 0.045326
55 0.816206 0.623229 0.035573 0.050992
55 0.550395 0.655807 0.061265 0.025496
55 0.456522 0.611898 0.063241 0.045326
55 0.372530 0.549575 0.045455 0.045326
55 0.267787 0.601983 0.065217 0.031161
55 0.369565 0.655807 0.067194 0.036827
55 0.265810 0.712465 0.081028 0.031161
55 0.352767 0.764873 0.092885 0.039660
55 0.450593 0.703966 0.067194 0.031161
55 0.641304 0.725212 0.065217 0.039660
55 0.806324 0.735127 0.067194 0.048159
55 0.726285 0.784703 0.057312 0.033994
55 0.545455 0.771955 0.063241 0.025496
55 0.632411 0.822946 0.047431 0.059490
55 0.732213 0.881020 0.088933 0.039660
55 0.803360 0.834278 0.053360 0.036827
55 0.725296 0.667139 0.039526 0.048159
55 0.452569 0.822946 0.071146 0.031161
55 0.347826 0.873938 0.067194 0.036827
55 0.250000 0.818697 0.065217 0.039660
55 0.244071 0.934844 0.053360 0.022663
55 0.429842 0.932011 0.061265 0.033994
55 0.541502 0.869688 0.063241 0.033994
55 0.623518 0.936261 0.077075 0.042493
55 0.810277 0.941926 0.067194 0.031161
55 0.141304 0.191218 0.045455 0.031161
55 0.134387 0.276204 0.047431 0.031161
55 0.214427 0.222380 0.041502 0.031161
55 0.228261 0.138810 0.049407 0.039660
55 0.294466 0.103399 0.047431 0.031161
55 0.392292 0.143059 0.049407 0.031161
55 0.730237 0.162890 0.057312 0.025496
55 0.838933 0.178470 0.053360 0.050992
55 0.838933 0.273371 0.025692 0.036827
55 0.920949 0.245042 0.039526 0.048159
55 0.913043 0.327195 0.031621 0.042493
55 0.832016 0.358357 0.039526 0.036827