71 0.525341 0.500000 0.079922 0.142857
71 0.337232 0.888889 0.089669 0.158730
71 0.436647 0.689153 0.070175 0.108466
71 0.528265 0.825397 0.066277 0.095238
71 0.166667 0.394180 0.150097 0.291005
71 0.602339 0.648148 0.058480 0.142857
71 0.605263 0.334656 0.052632 0.113757
71 0.677388 0.177249 0.056530 0.132275
71 0.742690 0.334656 0.046784 0.113757
71 0.672515 0.489418 0.046784 0.089947
71 0.671540 0.781746 0.056530 0.124339
71 0.734893 0.621693 0.046784 0.100529
71 0.794347 0.748677 0.056530 0.105820
71 0.801170 0.474868 0.050682 0.108466
71 0.806043 0.194444 0.052632 0.119048
71 0.912281 0.219577 0.046784 0.105820
71 0.857700 0.341270 0.042885 0.089947
71 0.855750 0.608466 0.046784 0.100529
71 0.906433 0.476190 0.046784 0.095238
71 0.900585 0.722222 0.050682 0.111111