71 0.901152 0.255906 0.036468 0.097113
71 0.815739 0.236220 0.046065 0.115486
71 0.708253 0.220472 0.057582 0.125984
71 0.641075 0.362205 0.069098 0.125984
71 0.764875 0.364829 0.040307 0.110236
71 0.860845 0.359580 0.059501 0.110236
71 0.566219 0.511811 0.072937 0.131234
71 0.903071 0.468504 0.040307 0.076115
71 0.899232 0.670604 0.032630 0.076115
71 0.858925 0.591864 0.040307 0.102362
71 0.815739 0.477690 0.046065 0.115486
71 0.815739 0.706037 0.046065 0.083990
71 0.765835 0.610236 0.065259 0.107612
71 0.710173 0.498688 0.053743 0.115486
71 0.706334 0.758530 0.061420 0.131234
71 0.639155 0.643045 0.065259 0.120735
71 0.568138 0.812336 0.069098 0.076115
71 0.480806 0.688976 0.074856 0.081365
71 0.384837 0.881890 0.086372 0.136483