364 0.394809 0.430185 0.658470 0.084189
364 0.284153 0.337782 0.453552 0.063655
364 0.187158 0.256674 0.259563 0.053388
364 0.195355 0.741273 0.254098 0.049281
364 0.288251 0.829569 0.445355 0.065708
364 0.398907 0.921971 0.672131 0.090349
364 0.202186 0.112936 0.229508 0.114990
364 0.472678 0.119097 0.158470 0.110883
364 0.356557 0.246407 0.073770 0.057495
364 0.586066 0.318275 0.144809 0.110883
364 0.765027 0.160164 0.306011 0.229979
364 0.814208 0.398357 0.163934 0.160164
364 0.192623 0.610883 0.204918 0.137577
364 0.464481 0.605749 0.153005 0.110883