Classification report:
               precision    recall  f1-score   support

           0       0.08      0.09      0.09        11
           1       0.57      0.22      0.32        18
           2       0.12      0.69      0.21        16
           3       0.15      0.17      0.16        12
           4       0.25      0.29      0.27        14
           5       0.67      0.31      0.42        13
           6       0.27      0.25      0.26        12
           7       0.80      0.50      0.62        16
           8       0.64      0.39      0.49        23
           9       0.67      0.62      0.64        13
          10       0.06      0.07      0.06        14
          11       0.57      0.30      0.39        27
          12       0.10      0.20      0.13        10
          13       0.40      0.27      0.32        15
          14       0.88      1.00      0.94        15
          15       0.40      0.18      0.25        11
          16       0.50      0.11      0.18        18
          17       0.30      0.55      0.39        20
          18       0.21      0.17      0.19        18
          19       0.21      0.36      0.26        14
          20       0.50      0.25      0.33        12
          21       0.28      0.50      0.36        16
          22       0.27      0.42      0.33        19
          23       0.12      0.50      0.20        10
          24       0.26      0.33      0.29        18
          25       0.35      0.32      0.33        19
          26       0.00      0.00      0.00        13
          27       0.25      0.33      0.29        15
          28       0.43      0.41      0.42        22
          29       1.00      0.64      0.78        11
          30       1.00      0.08      0.15        12
          31       0.00      0.00      0.00        13
          32       0.91      0.91      0.91        11
          33       0.25      0.15      0.19        13
          34       0.31      0.67      0.43        15
          35       0.67      0.14      0.24        14
          36       0.33      0.08      0.12        13
          37       0.33      0.16      0.21        19
          38       0.25      0.31      0.28        13
          39       0.88      0.58      0.70        12
          40       1.00      0.90      0.95        10
          41       0.80      0.53      0.64        15
          42       0.16      0.31      0.21        13
          43       0.75      0.75      0.75        16
          44       1.00      0.67      0.80         9
          45       0.00      0.00      0.00         1
          46       0.20      0.37      0.26        19
          47       0.50      0.50      0.50         8
          48       0.40      0.24      0.30        17
          49       0.26      0.78      0.39         9
          50       0.53      0.44      0.48        18
          51       0.20      0.10      0.13        21
          52       0.30      0.25      0.27        12
          53       0.95      0.91      0.93        23
          54       0.91      0.71      0.80        14
          55       1.00      0.25      0.40        12
          56       0.33      0.08      0.13        12
          57       0.65      0.58      0.61        19
          58       0.41      0.44      0.42        16
          59       0.20      0.07      0.10        15
          60       0.06      0.25      0.09         8
          61       0.50      0.56      0.53        18
          62       0.39      0.54      0.45        13
          63       0.12      0.33      0.18         6
          64       0.21      0.40      0.28        10
          65       0.14      0.43      0.21        14
          66       1.00      0.45      0.62        11
          67       0.16      0.44      0.24         9
          68       0.11      0.15      0.13        13
          69       0.00      0.00      0.00        18
          70       1.00      0.63      0.77        19
          71       0.33      0.20      0.25        15
          72       0.18      0.14      0.16        21
          73       1.00      0.20      0.33        15
          74       0.43      0.23      0.30        13
          75       0.12      0.15      0.14        13
          76       0.33      0.27      0.30        11
          77       0.00      0.00      0.00        10
          78       0.62      0.33      0.43        15
          79       0.29      0.56      0.38        18
          80       0.17      0.15      0.16        13
          81       0.22      0.18      0.20        11
          82       0.07      0.09      0.08        11
          83       0.50      0.12      0.20         8
          84       0.50      0.56      0.53        16
          85       0.71      0.23      0.34        22
          86       0.85      0.61      0.71        18
          87       0.20      0.22      0.21         9
          88       0.50      0.18      0.26        17
          89       0.00      0.00      0.00        12
          90       1.00      0.89      0.94         9
          91       0.07      0.06      0.07        16
          92       0.17      0.12      0.14        16
          93       0.19      0.25      0.22        20
          94       1.00      0.57      0.73        14
          95       0.60      0.55      0.57        11
          96       0.29      0.12      0.17        16
          97       0.31      0.33      0.32        12
          98       0.90      0.53      0.67        17
          99       0.60      0.30      0.40        10
         100       0.20      0.05      0.08        19
         101       1.00      0.50      0.67         8
         102       0.80      0.25      0.38        16
         103       0.00      0.00      0.00        12
         104       0.19      0.14      0.16        22
         105       0.33      0.38      0.35         8
         106       0.22      0.20      0.21        10
         107       0.54      0.47      0.50        15
         108       0.00      0.00      0.00        12
         109       0.69      0.65      0.67        17
         110       0.15      0.18      0.17        22
         111       1.00      1.00      1.00         1
         112       0.24      0.29      0.26        14
         113       1.00      0.68      0.81        22
         114       0.31      0.50      0.38        10
         115       0.23      0.26      0.24        19
         116       0.67      0.33      0.44        12
         117       1.00      0.92      0.96        13
         118       0.14      0.47      0.21        19
         119       0.11      0.13      0.12        15
         120       1.00      0.76      0.86        21
         121       0.06      0.11      0.08        19
         122       0.03      0.12      0.05        16
         123       0.42      0.22      0.29        23
         124       0.77      0.91      0.83        11
         125       1.00      0.36      0.53        11
         126       0.14      0.07      0.10        14
         127       0.57      0.22      0.32        18
         128       0.23      0.45      0.30        11
         129       0.17      0.06      0.09        16
         130       1.00      1.00      1.00        13
         131       0.14      0.10      0.12        10
         132       0.07      0.50      0.12         4
         133       0.19      0.43      0.27        14
         134       0.38      0.26      0.31        19
         135       0.11      0.05      0.07        19
         136       0.83      0.26      0.40        19
         137       0.25      0.33      0.29         6
         138       0.80      0.27      0.40        15
         139       0.21      0.41      0.27        17
         140       0.33      0.50      0.40        16
         141       0.25      0.09      0.13        11
         142       0.00      0.00      0.00        17
         143       0.56      0.45      0.50        11
         144       0.21      0.21      0.21        14
         145       0.08      0.12      0.10        16
         146       0.15      0.30      0.20        10
         147       0.17      0.20      0.18        10
         148       0.85      0.79      0.81        14
         149       0.47      0.33      0.39        21
         150       0.23      0.17      0.19        18
         151       0.27      0.50      0.35        14
         152       0.75      0.35      0.48        17
         153       0.11      0.14      0.12        14
         154       0.03      0.08      0.04        13
         155       0.06      0.13      0.09        15
         156       0.00      0.00      0.00         8
         157       0.07      0.25      0.11        12
         158       0.75      0.60      0.67         5
         159       0.50      0.58      0.54        12
         160       0.06      0.20      0.09        10
         161       0.07      0.05      0.06        21
         162       0.36      0.56      0.43         9
         163       0.16      0.43      0.23        14
         164       0.22      0.11      0.14        19
         165       0.67      0.46      0.55        13
         166       0.12      0.27      0.17        11
         167       0.15      0.17      0.16        12
         168       0.04      0.12      0.06         8
         169       0.14      0.22      0.17         9
         170       0.22      0.40      0.29         5
         171       0.25      0.25      0.25        16
         172       0.56      0.37      0.44        27
         173       0.18      0.12      0.15        16
         174       0.21      0.22      0.22        18
         175       0.67      0.22      0.33         9
         176       0.25      0.11      0.15        18
         177       0.25      0.07      0.11        15
         178       1.00      1.00      1.00        11
         179       0.02      0.08      0.03        13
         180       0.46      0.43      0.44        14
         181       0.18      0.16      0.17        19
         182       0.00      0.00      0.00        20
         183       0.07      0.07      0.07        14
         184       0.15      0.18      0.17        11
         185       0.00      0.00      0.00        13
         186       0.31      0.25      0.28        16
         187       0.62      0.36      0.45        14
         188       0.20      0.12      0.15        16
         189       0.33      0.12      0.18        16
         190       0.33      0.18      0.23        17
         191       0.75      0.19      0.30        16
         192       0.00      0.00      0.00        10
         193       1.00      1.00      1.00        12
         194       0.33      0.20      0.25        15
         195       1.00      0.90      0.95        10
         196       0.22      0.27      0.24        15
         197       0.67      0.25      0.36        24
         198       0.77      0.77      0.77        13
         199       0.29      0.12      0.17        17
         200       0.33      0.18      0.24        11
         201       0.00      0.00      0.00        20
         202       0.28      0.29      0.29        17
         203       0.32      0.27      0.29        22
         204       0.44      0.31      0.36        13
         205       0.18      0.27      0.22        15
         206       0.82      0.56      0.67        16
         207       1.00      0.80      0.89        10
         208       0.79      0.69      0.73        16
         209       0.27      0.60      0.37         5
         210       0.18      0.27      0.21        11
         211       0.94      0.52      0.67        33
         212       0.38      0.21      0.27        14
         213       0.75      0.21      0.33        14
         214       0.00      0.00      0.00        12
         215       0.15      0.57      0.24         7
         216       0.16      0.44      0.24         9
         217       0.43      0.62      0.51        16
         218       0.43      0.33      0.38        18
         219       0.40      0.36      0.38        11
         220       0.80      0.33      0.47        12
         221       0.17      0.29      0.21        21
         222       0.17      0.20      0.18         5
         223       0.20      0.29      0.24        14
         224       0.07      0.06      0.06        17
         225       0.67      0.11      0.19        18
         226       0.50      0.19      0.28        21
         227       0.54      0.41      0.47        17
         228       0.24      0.27      0.25        15
         229       0.20      0.15      0.17        13
         230       0.55      0.50      0.52        12
         231       0.72      0.81      0.76        16
         232       0.75      0.38      0.50         8
         233       0.78      0.64      0.70        11
         234       1.00      0.50      0.67        12
         235       0.45      0.76      0.57        17
         236       0.12      0.12      0.12         8
         237       0.36      0.50      0.42        16
         238       0.00      0.00      0.00        14
         239       0.85      0.77      0.81        22
         240       0.67      0.50      0.57         8
         241       0.60      0.30      0.40        10
         242       0.35      0.32      0.33        19
         243       0.83      0.31      0.45        16
         244       0.17      0.15      0.16        13
         245       1.00      0.09      0.17        11
         246       0.62      0.50      0.56        10
         247       0.00      0.00      0.00         6
         248       0.96      0.96      0.96        24
         249       0.10      0.12      0.11         8
         250       0.80      1.00      0.89        12
         251       0.08      0.07      0.08        14
         252       0.57      0.31      0.40        13
         253       0.38      0.38      0.38        16
         254       0.17      0.08      0.11        24
         255       0.67      1.00      0.80        16
         256       0.45      0.29      0.36        17
         257       0.20      0.06      0.09        17
         258       0.50      0.67      0.57         9
         259       0.00      0.00      0.00         9
         260       0.00      0.00      0.00        13
         261       0.67      0.50      0.57         8
         262       0.34      0.57      0.43        28
         263       0.40      0.40      0.40        10
         264       0.67      0.50      0.57        20
         265       0.11      0.08      0.09        13
         266       0.16      0.30      0.21        10
         267       0.80      0.73      0.76        11
         268       0.10      0.17      0.12         6
         269       0.88      0.70      0.78        10
         270       0.40      0.44      0.42         9
         271       0.20      0.07      0.11        14
         272       0.43      0.21      0.29        14
         273       0.41      0.33      0.37        21
         274       0.20      0.33      0.25        21
         275       0.00      0.00      0.00         1
         276       0.27      0.32      0.29        19
         277       0.00      0.00      0.00         5
         278       0.93      0.82      0.87        17
         279       0.88      0.58      0.70        24
         280       0.43      0.30      0.35        10
         281       0.42      0.33      0.37        15
         282       0.75      0.33      0.46        18
         283       0.78      0.78      0.78         9
         284       0.26      0.71      0.38        17
         285       0.05      0.08      0.06        13
         286       0.75      0.55      0.63        11
         287       0.25      0.05      0.08        21
         288       1.00      0.88      0.94        25
         289       0.00      0.00      0.00        18
         290       0.44      0.40      0.42        10
         291       0.39      0.53      0.45        17
         292       1.00      0.74      0.85        19
         293       0.96      0.96      0.96        24
         294       0.83      0.45      0.59        11
         295       0.56      0.62      0.59        16
         296       0.86      0.55      0.67        11

    accuracy                           0.35      4243
   macro avg       0.41      0.35      0.35      4243
weighted avg       0.43      0.35      0.36      4243
