Classification report:
               precision    recall  f1-score   support

           0       0.18      0.21      0.19        14
           1       0.77      0.56      0.65        18
           2       0.45      0.75      0.56        12
           3       0.44      0.57      0.50         7
           4       0.87      0.72      0.79        18
           5       0.31      0.83      0.45         6
           6       0.83      0.71      0.77         7
           7       0.87      0.81      0.84        16
           8       0.94      0.88      0.91        17
           9       0.61      0.61      0.61        18
          10       0.40      0.46      0.43        13
          11       0.50      0.50      0.50        16
          12       0.38      0.30      0.33        10
          13       0.19      0.23      0.21        13
          14       0.67      0.91      0.77        11
          15       0.43      0.38      0.40         8
          16       0.26      0.40      0.32        15
          17       0.53      0.60      0.56        15
          18       0.33      0.31      0.32        13
          19       0.22      0.38      0.28        16
          20       0.33      0.20      0.25        20
          21       0.60      0.67      0.63        18
          22       0.35      0.50      0.41        18
          23       0.56      0.38      0.45        13
          24       0.69      0.50      0.58        22
          25       0.18      0.17      0.17        12
          26       0.30      0.19      0.23        16
          27       0.38      0.18      0.24        17
          28       0.62      0.44      0.52        18
          29       0.94      0.84      0.89        19
          30       0.36      0.33      0.35        12
          31       0.31      0.50      0.38        10
          32       1.00      0.83      0.91        12
          33       0.53      0.64      0.58        14
          34       0.46      0.73      0.56        15
          35       0.50      0.73      0.59        11
          36       0.60      0.23      0.33        13
          37       0.64      0.50      0.56        14
          38       0.42      0.25      0.31        20
          39       0.56      0.83      0.67         6
          40       0.69      0.90      0.78        10
          41       0.89      0.80      0.84        10
          42       0.53      0.56      0.55        16
          43       0.88      0.61      0.72        23
          44       0.80      0.73      0.76        11
          45       1.00      0.50      0.67         2
          46       0.78      0.47      0.58        15
          47       0.67      0.40      0.50        15
          48       0.25      0.25      0.25        12
          49       0.73      1.00      0.85        11
          50       0.63      0.57      0.60        21
          51       0.56      0.24      0.33        21
          52       0.47      0.57      0.52        14
          53       1.00      1.00      1.00        40
          54       1.00      0.73      0.84        11
          55       0.79      0.79      0.79        14
          56       0.42      0.42      0.42        12
          57       0.60      0.94      0.73        16
          58       0.27      0.50      0.35        12
          59       0.50      0.50      0.50        12
          60       0.25      0.15      0.19        13
          61       0.58      0.73      0.65        15
          62       0.56      0.50      0.53        10
          63       0.88      0.58      0.70        12
          64       0.27      0.38      0.32         8
          65       0.42      0.42      0.42        12
          66       0.33      0.33      0.33         9
          67       0.31      0.27      0.29        15
          68       0.55      0.33      0.41        18
          69       0.20      0.07      0.11        14
          70       0.64      0.90      0.75        10
          71       0.79      0.65      0.71        17
          72       0.12      0.12      0.12        16
          73       0.67      0.36      0.47        11
          74       0.70      0.54      0.61        13
          75       0.19      0.38      0.26        13
          76       0.31      0.57      0.40        14
          77       0.28      0.47      0.35        15
          78       0.45      0.38      0.42        13
          79       0.50      0.58      0.54        12
          80       0.43      0.20      0.27        15
          81       0.13      0.21      0.16        14
          82       0.47      0.40      0.43        20
          83       0.40      0.11      0.17        19
          84       0.67      0.71      0.69        14
          85       0.73      0.50      0.59        16
          86       0.62      0.91      0.74        11
          87       0.31      0.36      0.33        11
          88       0.31      0.36      0.33        11
          89       0.27      0.25      0.26        12
          90       1.00      0.75      0.86        12
          91       0.70      0.39      0.50        18
          92       0.23      0.33      0.27         9
          93       0.42      0.31      0.36        16
          94       0.92      0.92      0.92        13
          95       0.86      0.75      0.80         8
          96       0.00      0.00      0.00         6
          97       0.22      0.44      0.30         9
          98       0.86      0.86      0.86        14
          99       0.67      0.62      0.64        13
         100       0.20      0.17      0.18        18
         101       1.00      0.64      0.78        11
         102       0.33      0.70      0.45        10
         103       0.38      0.26      0.31        19
         104       0.40      0.35      0.38        17
         105       0.36      0.42      0.38        12
         106       0.40      0.36      0.38        11
         107       0.44      0.50      0.47        16
         108       0.33      0.50      0.40         8
         109       0.91      0.67      0.77        15
         110       0.56      0.50      0.53        20
         112       0.80      0.62      0.70        13
         113       0.83      0.95      0.89        21
         114       0.73      0.47      0.57        17
         115       0.58      0.39      0.47        18
         116       0.35      0.39      0.37        23
         117       1.00      1.00      1.00        11
         118       0.60      0.56      0.58        16
         119       0.20      0.08      0.12        12
         120       0.97      1.00      0.99        37
         121       0.37      0.50      0.42        14
         122       0.23      0.21      0.22        14
         123       0.44      0.57      0.50        14
         124       1.00      0.73      0.84        11
         125       0.38      0.50      0.43        12
         126       0.29      0.26      0.28        19
         127       0.60      0.50      0.55        18
         128       0.50      0.75      0.60        16
         129       0.30      0.25      0.27        12
         130       1.00      1.00      1.00        10
         131       0.15      0.14      0.15        14
         132       0.36      0.57      0.44         7
         133       0.15      0.50      0.23         6
         134       0.50      0.56      0.53        16
         135       0.64      0.82      0.72        17
         136       0.45      0.50      0.48        10
         137       1.00      0.20      0.33        10
         138       0.69      0.69      0.69        13
         139       0.44      0.24      0.31        17
         140       0.45      0.33      0.38        15
         141       0.50      0.82      0.62        11
         142       0.21      0.22      0.22        18
         143       0.92      0.92      0.92        13
         144       0.60      0.75      0.67        12
         145       0.29      0.40      0.33        15
         146       0.18      0.24      0.21        17
         147       0.70      0.54      0.61        13
         148       0.88      0.88      0.88         8
         149       0.85      0.58      0.69        19
         150       0.43      0.27      0.33        22
         151       0.67      0.50      0.57        12
         152       0.67      0.33      0.44        18
         153       0.20      0.27      0.23        15
         154       0.43      0.40      0.41        15
         155       0.12      0.08      0.10        13
         156       0.17      0.25      0.20         8
         157       0.18      0.12      0.14        17
         158       0.87      0.81      0.84        16
         159       0.50      0.50      0.50        14
         160       0.30      0.43      0.35        14
         161       0.12      0.09      0.10        23
         162       0.48      0.50      0.49        22
         163       0.32      0.56      0.41        18
         164       0.42      0.26      0.32        19
         165       0.50      0.77      0.61        13
         166       0.39      0.41      0.40        17
         167       0.15      0.20      0.17        10
         168       0.33      0.33      0.33        15
         169       0.11      0.25      0.15         8
         170       1.00      0.29      0.44         7
         171       0.45      0.45      0.45        22
         172       0.67      0.33      0.44        18
         173       0.38      0.33      0.36        15
         174       0.62      0.59      0.60        22
         175       0.60      0.46      0.52        13
         176       0.47      0.44      0.46        18
         177       0.38      0.43      0.40        14
         178       0.92      1.00      0.96        12
         179       0.58      0.44      0.50        25
         180       0.21      0.21      0.21        14
         181       0.00      0.00      0.00        21
         182       0.35      0.95      0.51        20
         183       0.50      0.21      0.30        19
         184       0.33      0.23      0.27        13
         185       0.17      0.10      0.12        20
         186       0.36      0.21      0.27        19
         187       0.75      1.00      0.86         6
         188       0.29      0.50      0.37        14
         189       0.62      0.36      0.45        14
         190       0.13      0.31      0.18        13
         191       0.22      0.24      0.23        17
         192       0.56      0.42      0.48        12
         193       1.00      0.92      0.96        13
         194       0.57      0.57      0.57        14
         195       1.00      1.00      1.00        12
         196       0.29      0.15      0.20        27
         197       0.48      0.75      0.59        16
         198       0.93      0.93      0.93        15
         199       0.50      0.11      0.17        19
         200       0.33      0.58      0.42        12
         201       0.18      0.18      0.18        17
         202       0.67      0.20      0.31        20
         203       0.59      0.71      0.65        14
         204       0.64      0.47      0.55        19
         205       0.15      0.13      0.14        15
         206       0.75      0.82      0.78        11
         207       0.67      0.83      0.74        12
         208       0.98      0.95      0.97        59
         209       1.00      0.90      0.95        10
         210       0.45      0.71      0.56        14
         211       0.86      0.92      0.89        26
         212       0.24      0.29      0.26        14
         213       0.71      0.42      0.53        12
         214       0.00      0.00      0.00         9
         215       0.44      0.53      0.48        15
         216       0.78      0.50      0.61        14
         217       0.75      0.80      0.77        15
         218       0.60      0.80      0.69        15
         219       0.57      0.57      0.57        14
         220       0.46      0.40      0.43        15
         221       0.45      0.45      0.45        22
         222       1.00      0.50      0.67        14
         223       0.36      0.33      0.35        12
         224       0.25      0.17      0.20        18
         225       0.50      0.60      0.55        10
         226       0.64      0.64      0.64        11
         227       0.62      0.59      0.61        17
         228       0.36      0.31      0.33        13
         229       0.18      0.24      0.21        17
         230       0.71      0.62      0.67         8
         231       1.00      1.00      1.00        15
         232       0.75      0.80      0.77        15
         233       0.43      0.43      0.43         7
         234       0.89      0.62      0.73        13
         235       0.98      1.00      0.99        44
         236       0.55      0.38      0.44        16
         237       0.64      0.67      0.65        21
         238       0.50      0.45      0.48        11
         239       0.82      1.00      0.90        14
         240       0.55      0.73      0.63        15
         241       0.82      0.69      0.75        13
         242       0.86      0.40      0.55        15
         243       0.38      0.43      0.40        14
         244       0.16      0.45      0.24        11
         245       0.38      0.17      0.23        18
         246       0.84      0.89      0.86        18
         247       0.50      0.67      0.57         6
         248       0.95      1.00      0.97        18
         249       0.57      0.57      0.57        14
         250       0.82      0.90      0.86        10
         251       0.39      0.41      0.40        17
         252       0.40      0.29      0.33         7
         253       0.64      0.54      0.58        13
         254       0.43      0.43      0.43        14
         255       0.83      1.00      0.91        10
         256       0.44      0.50      0.47        14
         257       0.33      0.33      0.33        18
         258       0.81      0.81      0.81        16
         259       0.50      0.27      0.35        15
         260       0.26      0.32      0.29        22
         261       0.81      0.87      0.84        15
         262       0.24      0.47      0.32        15
         263       0.62      0.67      0.65        15
         264       0.52      0.65      0.58        17
         265       0.71      0.36      0.48        14
         266       0.29      0.20      0.24        10
         267       0.22      0.57      0.32         7
         268       0.13      0.15      0.14        13
         269       1.00      1.00      1.00        10
         270       0.62      0.45      0.53        11
         271       0.11      0.29      0.16         7
         272       0.62      0.80      0.70        10
         273       0.48      0.50      0.49        22
         274       0.46      0.46      0.46        13
         275       0.00      0.00      0.00         2
         276       0.47      0.40      0.43        20
         277       0.57      0.27      0.36        15
         278       1.00      1.00      1.00        13
         279       0.75      0.57      0.65        21
         280       0.50      0.25      0.33        12
         281       0.39      0.54      0.45        13
         282       0.54      0.58      0.56        12
         283       0.94      0.88      0.91        17
         284       0.55      0.85      0.67        13
         285       0.18      0.27      0.21        11
         286       0.88      0.58      0.70        12
         287       0.11      0.25      0.15         8
         288       1.00      1.00      1.00        11
         289       0.30      0.43      0.35        14
         290       0.78      1.00      0.88        14
         291       0.78      0.61      0.68        23
         292       0.83      1.00      0.91        15
         293       1.00      0.83      0.91        12
         294       0.83      0.56      0.67         9
         295       1.00      1.00      1.00        14
         296       0.88      0.93      0.90        15

    accuracy                           0.52      4314
   macro avg       0.54      0.52      0.51      4314
weighted avg       0.55      0.52      0.52      4314
