Classification report:
               precision    recall  f1-score   support

           0       1.00      0.50      0.67        14
           1       0.90      1.00      0.95        18
           2       0.82      0.75      0.78        12
           3       0.60      0.86      0.71         7
           4       0.94      0.83      0.88        18
           5       0.71      0.83      0.77         6
           6       0.88      1.00      0.93         7
           7       0.78      0.88      0.82        16
           8       1.00      0.82      0.90        17
           9       0.80      0.89      0.84        18
          10       0.77      0.77      0.77        13
          11       1.00      0.44      0.61        16
          12       0.69      0.90      0.78        10
          13       0.53      0.77      0.62        13
          14       0.85      1.00      0.92        11
          15       0.71      0.62      0.67         8
          16       0.69      0.73      0.71        15
          17       0.50      0.73      0.59        15
          18       0.53      0.69      0.60        13
          19       0.79      0.69      0.73        16
          20       0.65      0.55      0.59        20
          21       0.54      0.83      0.65        18
          22       0.85      0.61      0.71        18
          23       0.92      0.92      0.92        13
          24       0.90      0.86      0.88        22
          25       0.77      0.83      0.80        12
          26       0.79      0.69      0.73        16
          27       0.61      0.65      0.63        17
          28       0.41      0.50      0.45        18
          29       0.95      0.95      0.95        19
          30       0.44      0.58      0.50        12
          31       0.78      0.70      0.74        10
          32       1.00      0.83      0.91        12
          33       0.71      0.71      0.71        14
          34       0.67      0.93      0.78        15
          35       0.83      0.91      0.87        11
          36       1.00      0.77      0.87        13
          37       0.83      0.71      0.77        14
          38       0.69      0.90      0.78        20
          39       1.00      0.83      0.91         6
          40       1.00      1.00      1.00        10
          41       0.82      0.90      0.86        10
          42       0.61      0.69      0.65        16
          43       0.90      0.78      0.84        23
          44       0.73      1.00      0.85        11
          45       1.00      1.00      1.00         2
          46       0.50      0.67      0.57        15
          47       0.89      0.53      0.67        15
          48       0.61      0.92      0.73        12
          49       0.91      0.91      0.91        11
          50       1.00      0.67      0.80        21
          51       0.81      0.62      0.70        21
          52       0.80      0.86      0.83        14
          53       0.98      1.00      0.99        40
          54       0.83      0.91      0.87        11
          55       1.00      0.71      0.83        14
          56       0.33      0.33      0.33        12
          57       0.88      0.94      0.91        16
          58       0.90      0.75      0.82        12
          59       0.91      0.83      0.87        12
          60       0.65      0.85      0.73        13
          61       0.82      0.93      0.87        15
          62       0.80      0.80      0.80        10
          63       0.80      1.00      0.89        12
          64       0.67      0.75      0.71         8
          65       0.77      0.83      0.80        12
          66       0.54      0.78      0.64         9
          67       0.52      0.73      0.61        15
          68       1.00      0.67      0.80        18
          69       0.44      0.57      0.50        14
          70       1.00      1.00      1.00        10
          71       0.52      0.65      0.58        17
          72       0.88      0.88      0.88        16
          73       0.91      0.91      0.91        11
          74       1.00      0.77      0.87        13
          75       0.64      0.54      0.58        13
          76       0.55      0.79      0.65        14
          77       0.93      0.93      0.93        15
          78       0.75      0.92      0.83        13
          79       0.77      0.83      0.80        12
          80       0.70      0.47      0.56        15
          81       0.69      0.79      0.73        14
          82       0.81      0.65      0.72        20
          83       0.88      0.74      0.80        19
          84       0.87      0.93      0.90        14
          85       0.70      0.88      0.78        16
          86       0.69      1.00      0.81        11
          87       0.26      0.55      0.35        11
          88       0.45      0.45      0.45        11
          89       0.36      0.33      0.35        12
          90       1.00      0.92      0.96        12
          91       0.84      0.89      0.86        18
          92       0.55      0.67      0.60         9
          93       0.69      0.69      0.69        16
          94       0.92      0.92      0.92        13
          95       0.70      0.88      0.78         8
          96       0.75      1.00      0.86         6
          97       0.82      1.00      0.90         9
          98       1.00      0.93      0.96        14
          99       0.91      0.77      0.83        13
         100       0.77      0.56      0.65        18
         101       0.89      0.73      0.80        11
         102       0.57      0.80      0.67        10
         103       0.71      0.63      0.67        19
         104       0.87      0.76      0.81        17
         105       0.78      0.58      0.67        12
         106       1.00      0.27      0.43        11
         107       0.73      0.69      0.71        16
         108       0.78      0.88      0.82         8
         109       0.71      0.80      0.75        15
         110       0.62      0.65      0.63        20
         112       0.75      0.69      0.72        13
         113       0.84      1.00      0.91        21
         114       1.00      0.59      0.74        17
         115       0.42      0.28      0.33        18
         116       0.68      0.83      0.75        23
         117       1.00      1.00      1.00        11
         118       1.00      0.62      0.77        16
         119       0.90      0.75      0.82        12
         120       0.95      1.00      0.97        37
         121       0.91      0.71      0.80        14
         122       0.50      0.57      0.53        14
         123       0.88      1.00      0.93        14
         124       1.00      1.00      1.00        11
         125       0.92      0.92      0.92        12
         126       0.48      0.53      0.50        19
         127       0.56      0.50      0.53        18
         128       0.64      0.56      0.60        16
         129       0.62      0.67      0.64        12
         130       1.00      1.00      1.00        10
         131       0.59      0.71      0.65        14
         132       0.50      0.57      0.53         7
         133       0.43      0.50      0.46         6
         134       0.79      0.69      0.73        16
         135       0.71      0.88      0.79        17
         136       0.69      0.90      0.78        10
         137       0.50      0.40      0.44        10
         138       0.92      0.85      0.88        13
         139       0.78      0.82      0.80        17
         140       0.75      0.60      0.67        15
         141       0.56      0.82      0.67        11
         142       0.93      0.72      0.81        18
         143       1.00      0.92      0.96        13
         144       0.92      1.00      0.96        12
         145       0.75      0.60      0.67        15
         146       0.93      0.76      0.84        17
         147       1.00      0.85      0.92        13
         148       0.70      0.88      0.78         8
         149       0.80      0.63      0.71        19
         150       0.75      0.55      0.63        22
         151       0.79      0.92      0.85        12
         152       0.94      0.83      0.88        18
         153       0.85      0.73      0.79        15
         154       0.86      0.80      0.83        15
         155       0.60      0.23      0.33        13
         156       0.50      0.25      0.33         8
         157       0.80      0.71      0.75        17
         158       0.92      0.75      0.83        16
         159       0.70      0.50      0.58        14
         160       0.71      0.86      0.77        14
         161       0.50      0.17      0.26        23
         162       0.85      0.50      0.63        22
         163       0.83      0.56      0.67        18
         164       0.79      0.79      0.79        19
         165       0.71      0.77      0.74        13
         166       0.71      0.59      0.65        17
         167       0.80      0.40      0.53        10
         168       0.63      0.80      0.71        15
         169       0.43      0.75      0.55         8
         170       0.67      0.57      0.62         7
         171       0.55      0.73      0.63        22
         172       0.70      0.78      0.74        18
         173       0.92      0.73      0.81        15
         174       0.88      0.64      0.74        22
         175       0.91      0.77      0.83        13
         176       0.48      0.72      0.58        18
         177       0.61      0.79      0.69        14
         178       0.92      1.00      0.96        12
         179       0.78      0.56      0.65        25
         180       0.60      0.86      0.71        14
         181       0.00      0.00      0.00        21
         182       0.12      0.15      0.13        20
         183       0.76      0.84      0.80        19
         184       0.54      0.54      0.54        13
         185       0.94      0.75      0.83        20
         186       0.90      0.47      0.62        19
         187       0.67      1.00      0.80         6
         188       0.71      0.71      0.71        14
         189       1.00      0.93      0.96        14
         190       0.73      0.85      0.79        13
         191       0.69      0.53      0.60        17
         192       0.63      1.00      0.77        12
         193       1.00      1.00      1.00        13
         194       0.92      0.79      0.85        14
         195       0.92      1.00      0.96        12
         196       0.62      0.74      0.68        27
         197       0.68      0.81      0.74        16
         198       0.88      1.00      0.94        15
         199       0.85      0.58      0.69        19
         200       0.89      0.67      0.76        12
         201       0.55      0.35      0.43        17
         202       0.89      0.80      0.84        20
         203       0.75      0.86      0.80        14
         204       0.76      0.68      0.72        19
         205       0.83      0.33      0.48        15
         206       0.75      0.82      0.78        11
         207       0.92      0.92      0.92        12
         208       0.89      0.97      0.93        59
         209       1.00      0.90      0.95        10
         210       0.72      0.93      0.81        14
         211       0.91      0.81      0.86        26
         212       0.71      0.71      0.71        14
         213       0.71      0.42      0.53        12
         214       0.56      0.56      0.56         9
         215       0.91      0.67      0.77        15
         216       0.73      0.79      0.76        14
         217       0.88      0.93      0.90        15
         218       0.82      0.93      0.87        15
         219       0.79      0.79      0.79        14
         220       0.67      0.53      0.59        15
         221       0.86      0.86      0.86        22
         222       0.64      0.64      0.64        14
         223       0.75      0.75      0.75        12
         224       0.60      0.17      0.26        18
         225       0.64      0.90      0.75        10
         226       0.77      0.91      0.83        11
         227       0.94      0.88      0.91        17
         228       0.79      0.85      0.81        13
         229       0.69      0.53      0.60        17
         230       0.56      0.62      0.59         8
         231       1.00      1.00      1.00        15
         232       1.00      0.60      0.75        15
         233       0.67      0.86      0.75         7
         234       0.92      0.92      0.92        13
         235       0.84      0.98      0.91        44
         236       0.92      0.69      0.79        16
         237       0.83      0.95      0.89        21
         238       0.75      0.82      0.78        11
         239       0.56      1.00      0.72        14
         240       1.00      0.80      0.89        15
         241       0.87      1.00      0.93        13
         242       0.86      0.80      0.83        15
         243       0.50      0.57      0.53        14
         244       0.67      0.91      0.77        11
         245       0.84      0.89      0.86        18
         246       0.76      0.89      0.82        18
         247       1.00      0.83      0.91         6
         248       1.00      1.00      1.00        18
         249       0.67      0.71      0.69        14
         250       1.00      1.00      1.00        10
         251       0.74      0.82      0.78        17
         252       0.64      1.00      0.78         7
         253       0.71      0.77      0.74        13
         254       0.65      0.79      0.71        14
         255       0.91      1.00      0.95        10
         256       0.77      0.71      0.74        14
         257       0.54      0.72      0.62        18
         258       0.88      0.94      0.91        16
         259       0.75      0.80      0.77        15
         260       0.71      0.77      0.74        22
         261       0.88      0.93      0.90        15
         262       0.67      0.80      0.73        15
         263       0.82      0.93      0.87        15
         264       0.84      0.94      0.89        17
         265       0.82      0.64      0.72        14
         266       0.62      0.80      0.70        10
         267       0.86      0.86      0.86         7
         268       0.92      0.85      0.88        13
         269       1.00      1.00      1.00        10
         270       0.82      0.82      0.82        11
         271       0.42      0.71      0.53         7
         272       0.90      0.90      0.90        10
         273       0.50      0.50      0.50        22
         274       0.81      1.00      0.90        13
         275       0.00      0.00      0.00         2
         276       0.77      0.85      0.81        20
         277       0.91      0.67      0.77        15
         278       1.00      1.00      1.00        13
         279       0.89      0.81      0.85        21
         280       0.75      0.50      0.60        12
         281       0.71      0.77      0.74        13
         282       0.69      0.75      0.72        12
         283       0.89      0.94      0.91        17
         284       0.65      1.00      0.79        13
         285       0.78      0.64      0.70        11
         286       0.91      0.83      0.87        12
         287       0.67      0.50      0.57         8
         288       0.85      1.00      0.92        11
         289       0.70      0.50      0.58        14
         290       0.93      1.00      0.97        14
         291       0.90      0.78      0.84        23
         292       1.00      1.00      1.00        15
         293       1.00      0.92      0.96        12
         294       1.00      0.67      0.80         9
         295       1.00      0.86      0.92        14
         296       0.88      1.00      0.94        15

    accuracy                           0.76      4314
   macro avg       0.77      0.76      0.75      4314
weighted avg       0.77      0.76      0.76      4314
