Classification report:
               precision    recall  f1-score   support

           0       0.06      0.20      0.09        10
           1       0.25      0.22      0.24         9
           2       0.67      0.11      0.19        18
           3       0.17      0.08      0.11        13
           4       0.50      0.13      0.21        23
           5       0.24      0.67      0.36        15
           6       0.67      0.22      0.33         9
           7       0.92      0.71      0.80        17
           8       1.00      0.59      0.74        17
           9       0.33      0.31      0.32        16
          10       0.00      0.00      0.00        11
          11       0.35      0.35      0.35        23
          12       1.00      0.18      0.31        11
          13       0.17      0.06      0.09        16
          14       1.00      0.72      0.84        18
          15       1.00      0.07      0.13        14
          16       0.05      0.08      0.06        13
          17       0.31      0.36      0.33        25
          18       0.08      0.20      0.11        15
          19       0.29      0.12      0.17        16
          20       0.14      0.40      0.21        10
          21       0.20      0.21      0.21        19
          22       0.17      0.18      0.17        11
          23       0.30      0.18      0.22        17
          24       0.23      0.13      0.17        23
          25       0.10      0.53      0.17        15
          26       0.14      0.07      0.09        15
          27       0.27      0.15      0.19        20
          28       0.29      0.50      0.36        12
          29       0.69      0.75      0.72        12
          30       0.31      0.40      0.35        10
          31       0.47      0.35      0.40        20
          32       0.72      0.87      0.79        15
          33       0.18      0.12      0.14        17
          34       0.62      0.48      0.54        21
          35       0.62      0.67      0.65        15
          36       0.10      0.10      0.10        10
          37       0.56      0.29      0.38        17
          38       0.00      0.00      0.00        16
          39       0.87      0.81      0.84        16
          40       0.92      0.86      0.89        14
          41       0.41      0.55      0.47        20
          42       0.00      0.00      0.00        18
          43       0.83      0.67      0.74        15
          44       1.00      0.80      0.89        10
          45       0.00      0.00      0.00         1
          46       0.00      0.00      0.00        13
          47       1.00      0.21      0.35        14
          48       0.10      0.08      0.09        13
          49       0.82      0.75      0.78        12
          50       0.18      0.50      0.27        14
          51       0.13      0.12      0.13        16
          52       0.17      0.21      0.19        14
          53       1.00      1.00      1.00        24
          54       0.67      0.40      0.50        10
          55       0.85      0.69      0.76        16
          56       0.00      0.00      0.00        13
          57       0.50      0.36      0.42        11
          58       0.09      0.19      0.12        16
          59       0.05      0.06      0.06        16
          60       0.80      0.50      0.62        16
          61       0.53      0.60      0.56        15
          62       0.00      0.00      0.00        14
          63       0.20      0.09      0.13        11
          64       0.38      0.20      0.26        15
          65       0.50      0.08      0.14        12
          66       0.19      0.23      0.21        13
          67       0.20      0.11      0.14        19
          68       0.17      0.10      0.12        10
          69       0.02      0.05      0.02        19
          70       0.57      0.86      0.69        14
          71       0.29      0.27      0.28        15
          72       0.00      0.00      0.00        15
          73       0.00      0.00      0.00        10
          74       0.40      0.22      0.29         9
          75       0.00      0.00      0.00        16
          76       0.32      0.55      0.40        11
          77       0.00      0.00      0.00        13
          78       0.22      0.18      0.20        11
          79       0.43      0.20      0.27        15
          80       0.00      0.00      0.00        11
          81       0.00      0.00      0.00        13
          82       0.12      0.29      0.18        17
          83       0.10      0.10      0.10        10
          84       0.22      0.76      0.34        17
          85       1.00      0.17      0.29        18
          86       1.00      0.71      0.83        17
          87       0.04      0.22      0.07         9
          88       0.14      0.75      0.24        12
          89       0.00      0.00      0.00        19
          90       0.62      0.62      0.62         8
          91       0.00      0.00      0.00        12
          92       0.00      0.00      0.00        15
          93       0.42      0.31      0.36        16
          94       0.80      0.67      0.73        12
          95       0.64      0.39      0.48        18
          96       0.00      0.00      0.00        12
          97       0.03      0.06      0.04        16
          98       1.00      0.56      0.71         9
          99       0.09      0.08      0.09        12
         100       0.00      0.00      0.00        13
         101       0.62      0.71      0.67         7
         102       0.75      0.43      0.55        14
         103       0.20      0.12      0.15        17
         104       0.06      0.18      0.09        17
         105       0.50      0.10      0.17        10
         106       0.43      0.25      0.32        12
         107       0.33      0.20      0.25        15
         108       0.20      0.08      0.11        13
         109       0.57      0.33      0.42        12
         110       0.22      0.13      0.17        15
         111       1.00      1.00      1.00         1
         112       0.05      0.14      0.07         7
         113       0.79      0.83      0.81        18
         114       0.18      0.57      0.28         7
         115       0.44      0.46      0.45        24
         116       0.58      0.39      0.47        18
         117       0.94      0.94      0.94        17
         118       0.40      0.50      0.44        16
         119       0.00      0.00      0.00        13
         120       0.95      0.90      0.92        20
         121       0.19      0.19      0.19        16
         122       0.06      0.33      0.11        12
         123       0.70      0.28      0.40        25
         124       0.78      0.88      0.82         8
         125       0.33      0.33      0.33         9
         126       0.08      0.08      0.08        12
         127       0.29      0.14      0.19        14
         128       0.40      0.25      0.31         8
         129       0.00      0.00      0.00        17
         130       1.00      1.00      1.00         9
         131       0.00      0.00      0.00        15
         132       1.00      0.23      0.38        13
         133       0.00      0.00      0.00         7
         134       0.29      0.15      0.20        13
         135       0.62      0.45      0.53        11
         136       1.00      0.50      0.67        10
         137       0.20      0.19      0.19        16
         138       0.60      0.20      0.30        15
         139       1.00      0.09      0.16        23
         140       0.67      0.40      0.50        10
         141       0.00      0.00      0.00        10
         142       0.00      0.00      0.00        11
         143       0.44      0.57      0.50        14
         144       0.09      0.18      0.12        17
         145       0.02      0.07      0.03        15
         146       0.00      0.00      0.00        10
         147       0.00      0.00      0.00         9
         148       0.89      0.62      0.73        13
         149       0.33      0.47      0.39        17
         150       0.25      0.13      0.17        15
         151       0.40      0.11      0.17        19
         152       0.29      0.31      0.30        13
         153       1.00      0.12      0.22        16
         154       0.10      0.08      0.09        12
         155       0.08      0.08      0.08        12
         156       0.20      0.10      0.13        10
         157       0.00      0.00      0.00        12
         158       0.88      0.58      0.70        12
         159       0.50      0.54      0.52        13
         160       0.11      0.22      0.14         9
         161       0.10      0.10      0.10        20
         162       0.36      0.53      0.43        15
         163       0.33      0.12      0.18        16
         164       1.00      0.09      0.17        22
         165       0.80      0.67      0.73         6
         166       1.00      0.07      0.12        15
         167       0.10      0.29      0.15        14
         168       0.33      0.07      0.11        15
         169       1.00      0.08      0.14        13
         170       0.60      0.60      0.60        10
         171       0.00      0.00      0.00        22
         172       0.12      0.06      0.08        18
         173       0.19      0.42      0.26        12
         174       0.08      0.26      0.13        19
         175       0.40      0.17      0.24        12
         176       0.05      0.11      0.07        19
         177       0.25      0.14      0.18        14
         178       1.00      1.00      1.00        11
         179       0.00      0.00      0.00        14
         180       0.11      0.40      0.17        10
         181       0.00      0.00      0.00        20
         182       0.00      0.00      0.00        18
         183       0.33      0.16      0.21        19
         184       0.00      0.00      0.00         4
         185       0.00      0.00      0.00        12
         186       0.11      0.20      0.14        10
         187       0.50      0.33      0.40        12
         188       0.00      0.00      0.00        12
         189       0.00      0.00      0.00        11
         190       0.04      0.09      0.06        23
         191       0.00      0.00      0.00        20
         192       0.05      0.20      0.09        10
         193       1.00      0.95      0.97        19
         194       0.05      0.15      0.08        13
         195       0.92      1.00      0.96        11
         196       0.11      0.13      0.12        15
         197       0.29      0.33      0.31        21
         198       0.90      0.64      0.75        14
         199       0.00      0.00      0.00        15
         200       0.40      0.25      0.31         8
         201       0.08      0.05      0.06        21
         202       0.22      0.31      0.25        26
         203       0.50      0.19      0.28        21
         204       0.83      0.28      0.42        18
         205       0.57      0.22      0.32        18
         206       0.87      0.76      0.81        17
         207       0.94      0.71      0.81        24
         208       1.00      0.40      0.57        20
         209       1.00      0.56      0.71         9
         210       0.33      0.11      0.17         9
         211       0.75      0.75      0.75        32
         212       0.40      0.14      0.21        14
         213       1.00      0.36      0.53        11
         214       0.03      0.11      0.04         9
         215       0.20      0.08      0.11        13
         216       1.00      0.22      0.36        18
         217       0.69      0.65      0.67        17
         218       0.40      0.25      0.31        16
         219       0.43      0.50      0.46        12
         220       0.00      0.00      0.00         9
         221       0.04      0.14      0.06        14
         222       0.67      0.44      0.53         9
         223       0.33      0.05      0.09        20
         224       1.00      0.06      0.12        16
         225       0.38      0.27      0.32        11
         226       0.12      0.24      0.16        17
         227       0.75      0.29      0.41        21
         228       0.11      0.08      0.10        12
         229       0.00      0.00      0.00        15
         230       0.50      0.42      0.45        12
         231       1.00      0.92      0.96        12
         232       0.57      0.62      0.59        13
         233       0.25      0.23      0.24        13
         234       0.20      0.57      0.30         7
         235       0.87      0.54      0.67        24
         236       0.06      0.10      0.08        10
         237       0.50      0.79      0.61        19
         238       0.25      0.08      0.12        12
         239       0.83      0.91      0.87        11
         240       0.80      0.31      0.44        13
         241       0.35      0.78      0.48         9
         242       0.19      0.40      0.26        15
         243       0.56      0.60      0.58        15
         244       0.00      0.00      0.00        15
         245       0.31      0.29      0.30        14
         246       0.57      0.44      0.50        18
         247       1.00      0.18      0.30        17
         248       1.00      0.93      0.96        14
         249       0.09      0.05      0.07        19
         250       1.00      0.93      0.97        15
         251       0.11      0.08      0.09        13
         252       0.14      0.07      0.09        15
         253       0.29      0.12      0.17        16
         254       1.00      0.07      0.13        14
         255       1.00      0.93      0.96        14
         256       0.45      0.24      0.31        21
         257       0.00      0.00      0.00        21
         258       0.30      0.25      0.27        12
         259       0.50      0.08      0.14        12
         260       0.07      0.18      0.10        17
         261       1.00      0.57      0.73        14
         262       0.32      0.35      0.33        26
         263       0.12      0.22      0.16         9
         264       0.20      0.56      0.30        18
         265       0.50      0.24      0.32        17
         266       0.23      0.30      0.26        10
         267       0.80      0.40      0.53        10
         268       0.00      0.00      0.00        16
         269       1.00      1.00      1.00         9
         270       0.11      0.17      0.13        12
         271       0.05      0.07      0.05        15
         272       0.50      0.67      0.57         6
         273       0.50      0.32      0.39        22
         274       0.06      0.17      0.09        18
         275       0.00      0.00      0.00         2
         276       0.55      0.43      0.48        14
         277       0.00      0.00      0.00         6
         278       0.90      1.00      0.95        18
         279       0.22      0.71      0.34        14
         280       0.00      0.00      0.00         8
         281       0.12      0.10      0.11        10
         282       0.00      0.00      0.00        11
         283       1.00      0.75      0.86        12
         284       0.75      0.53      0.62        17
         285       0.12      0.15      0.13        13
         286       0.55      0.43      0.48        14
         287       0.00      0.00      0.00        17
         288       0.83      1.00      0.91        15
         289       0.25      0.07      0.11        15
         290       0.40      0.57      0.47        14
         291       0.18      0.17      0.17        18
         292       0.71      1.00      0.83        12
         293       1.00      0.78      0.88        18
         294       0.27      0.38      0.32         8
         295       0.83      0.71      0.77        14
         296       0.83      0.83      0.83        12

    accuracy                           0.31      4243
   macro avg       0.39      0.31      0.31      4243
weighted avg       0.41      0.31      0.32      4243
