Classification report:
               precision    recall  f1-score   support

           0       0.67      0.43      0.52        14
           1       0.85      0.94      0.89        18
           2       0.67      0.67      0.67        12
           3       0.45      0.71      0.56         7
           4       0.84      0.89      0.86        18
           5       0.71      0.83      0.77         6
           6       0.78      1.00      0.88         7
           7       0.61      0.88      0.72        16
           8       0.94      0.88      0.91        17
           9       0.84      0.89      0.86        18
          10       0.48      0.85      0.61        13
          11       0.73      0.69      0.71        16
          12       0.82      0.90      0.86        10
          13       0.56      0.77      0.65        13
          14       1.00      0.91      0.95        11
          15       0.71      0.62      0.67         8
          16       0.80      0.80      0.80        15
          17       0.56      0.67      0.61        15
          18       0.62      0.62      0.62        13
          19       0.61      0.69      0.65        16
          20       0.61      0.55      0.58        20
          21       0.56      0.78      0.65        18
          22       0.83      0.56      0.67        18
          23       0.86      0.92      0.89        13
          24       0.84      0.73      0.78        22
          25       0.89      0.67      0.76        12
          26       0.83      0.62      0.71        16
          27       0.59      0.59      0.59        17
          28       0.38      0.56      0.45        18
          29       1.00      0.89      0.94        19
          30       0.46      0.50      0.48        12
          31       0.67      0.80      0.73        10
          32       1.00      0.83      0.91        12
          33       0.83      0.71      0.77        14
          34       0.44      0.93      0.60        15
          35       0.83      0.91      0.87        11
          36       0.73      0.85      0.79        13
          37       0.90      0.64      0.75        14
          38       0.56      0.75      0.64        20
          39       1.00      0.83      0.91         6
          40       1.00      1.00      1.00        10
          41       0.82      0.90      0.86        10
          42       0.79      0.69      0.73        16
          43       1.00      0.70      0.82        23
          44       1.00      1.00      1.00        11
          45       1.00      1.00      1.00         2
          46       0.67      0.67      0.67        15
          47       0.73      0.53      0.62        15
          48       0.71      0.83      0.77        12
          49       0.83      0.91      0.87        11
          50       0.80      0.76      0.78        21
          51       0.70      0.67      0.68        21
          52       0.68      0.93      0.79        14
          53       0.98      1.00      0.99        40
          54       0.91      0.91      0.91        11
          55       1.00      0.71      0.83        14
          56       0.29      0.42      0.34        12
          57       0.88      0.88      0.88        16
          58       0.56      0.75      0.64        12
          59       0.77      0.83      0.80        12
          60       0.71      0.92      0.80        13
          61       0.93      0.87      0.90        15
          62       0.80      0.80      0.80        10
          63       1.00      0.92      0.96        12
          64       0.88      0.88      0.88         8
          65       0.83      0.83      0.83        12
          66       0.55      0.67      0.60         9
          67       0.92      0.73      0.81        15
          68       0.80      0.67      0.73        18
          69       0.60      0.64      0.62        14
          70       0.77      1.00      0.87        10
          71       0.79      0.65      0.71        17
          72       0.92      0.75      0.83        16
          73       0.91      0.91      0.91        11
          74       1.00      0.62      0.76        13
          75       0.67      0.62      0.64        13
          76       0.62      0.71      0.67        14
          77       0.92      0.80      0.86        15
          78       0.69      0.85      0.76        13
          79       0.90      0.75      0.82        12
          80       0.54      0.47      0.50        15
          81       0.82      0.64      0.72        14
          82       0.82      0.70      0.76        20
          83       0.87      0.68      0.76        19
          84       1.00      0.79      0.88        14
          85       0.80      0.75      0.77        16
          86       0.48      1.00      0.65        11
          87       1.00      0.55      0.71        11
          88       0.45      0.45      0.45        11
          89       0.29      0.33      0.31        12
          90       0.92      0.92      0.92        12
          91       0.80      0.89      0.84        18
          92       0.62      0.56      0.59         9
          93       0.67      0.75      0.71        16
          94       0.75      0.92      0.83        13
          95       1.00      0.88      0.93         8
          96       0.36      0.83      0.50         6
          97       0.67      0.89      0.76         9
          98       1.00      0.79      0.88        14
          99       0.77      0.77      0.77        13
         100       1.00      0.39      0.56        18
         101       0.62      0.73      0.67        11
         102       0.88      0.70      0.78        10
         103       0.71      0.63      0.67        19
         104       0.74      0.82      0.78        17
         105       0.75      0.75      0.75        12
         106       0.75      0.27      0.40        11
         107       0.63      0.75      0.69        16
         108       1.00      0.88      0.93         8
         109       0.93      0.87      0.90        15
         110       0.56      0.70      0.62        20
         112       0.91      0.77      0.83        13
         113       1.00      0.95      0.98        21
         114       0.70      0.82      0.76        17
         115       0.50      0.33      0.40        18
         116       0.89      0.74      0.81        23
         117       1.00      1.00      1.00        11
         118       0.71      0.75      0.73        16
         119       0.88      0.58      0.70        12
         120       0.97      1.00      0.99        37
         121       0.82      0.64      0.72        14
         122       0.50      0.50      0.50        14
         123       0.87      0.93      0.90        14
         124       1.00      1.00      1.00        11
         125       0.92      0.92      0.92        12
         126       0.78      0.37      0.50        19
         127       0.62      0.44      0.52        18
         128       0.56      0.56      0.56        16
         129       0.88      0.58      0.70        12
         130       1.00      1.00      1.00        10
         131       0.37      0.71      0.49        14
         132       0.36      0.57      0.44         7
         133       0.50      0.50      0.50         6
         134       0.82      0.56      0.67        16
         135       0.67      0.82      0.74        17
         136       0.88      0.70      0.78        10
         137       0.71      0.50      0.59        10
         138       1.00      0.85      0.92        13
         139       0.93      0.82      0.87        17
         140       0.73      0.73      0.73        15
         141       0.67      0.91      0.77        11
         142       1.00      0.78      0.88        18
         143       0.71      0.92      0.80        13
         144       0.92      1.00      0.96        12
         145       0.70      0.47      0.56        15
         146       0.72      0.76      0.74        17
         147       1.00      0.77      0.87        13
         148       0.80      1.00      0.89         8
         149       1.00      0.68      0.81        19
         150       1.00      0.64      0.78        22
         151       0.85      0.92      0.88        12
         152       0.57      0.89      0.70        18
         153       0.73      0.73      0.73        15
         154       0.69      0.73      0.71        15
         155       0.23      0.23      0.23        13
         156       0.43      0.38      0.40         8
         157       0.71      0.71      0.71        17
         158       1.00      0.56      0.72        16
         159       0.75      0.43      0.55        14
         160       0.80      0.86      0.83        14
         161       0.38      0.13      0.19        23
         162       0.73      0.73      0.73        22
         163       0.68      0.72      0.70        18
         164       0.87      0.68      0.76        19
         165       0.82      0.69      0.75        13
         166       0.90      0.53      0.67        17
         167       1.00      0.50      0.67        10
         168       0.71      0.80      0.75        15
         169       0.71      0.62      0.67         8
         170       0.50      0.43      0.46         7
         171       0.59      0.73      0.65        22
         172       1.00      0.83      0.91        18
         173       1.00      0.73      0.85        15
         174       0.74      0.77      0.76        22
         175       1.00      0.77      0.87        13
         176       0.56      0.78      0.65        18
         177       0.62      0.57      0.59        14
         178       0.92      1.00      0.96        12
         179       0.87      0.52      0.65        25
         180       0.71      0.86      0.77        14
         181       0.08      0.10      0.09        21
         182       0.07      0.10      0.09        20
         183       0.76      0.84      0.80        19
         184       0.45      0.38      0.42        13
         185       0.93      0.70      0.80        20
         186       0.69      0.58      0.63        19
         187       0.60      1.00      0.75         6
         188       0.77      0.71      0.74        14
         189       0.60      0.86      0.71        14
         190       0.85      0.85      0.85        13
         191       1.00      0.35      0.52        17
         192       1.00      0.83      0.91        12
         193       1.00      1.00      1.00        13
         194       0.73      0.79      0.76        14
         195       0.80      1.00      0.89        12
         196       0.61      0.70      0.66        27
         197       0.74      0.88      0.80        16
         198       0.94      1.00      0.97        15
         199       0.83      0.53      0.65        19
         200       0.89      0.67      0.76        12
         201       0.64      0.41      0.50        17
         202       1.00      0.75      0.86        20
         203       0.68      0.93      0.79        14
         204       0.92      0.63      0.75        19
         205       0.83      0.33      0.48        15
         206       0.90      0.82      0.86        11
         207       0.77      0.83      0.80        12
         208       0.93      0.90      0.91        59
         209       1.00      0.90      0.95        10
         210       0.82      1.00      0.90        14
         211       0.75      0.92      0.83        26
         212       0.61      0.79      0.69        14
         213       1.00      0.33      0.50        12
         214       1.00      0.44      0.62         9
         215       0.86      0.80      0.83        15
         216       0.71      0.71      0.71        14
         217       0.88      0.93      0.90        15
         218       0.82      0.93      0.87        15
         219       0.79      0.79      0.79        14
         220       0.57      0.53      0.55        15
         221       0.95      0.86      0.90        22
         222       1.00      0.50      0.67        14
         223       0.69      0.75      0.72        12
         224       0.30      0.17      0.21        18
         225       0.90      0.90      0.90        10
         226       0.69      1.00      0.81        11
         227       0.57      1.00      0.72        17
         228       0.63      0.92      0.75        13
         229       0.57      0.47      0.52        17
         230       0.86      0.75      0.80         8
         231       0.83      1.00      0.91        15
         232       0.89      0.53      0.67        15
         233       0.47      1.00      0.64         7
         234       1.00      0.92      0.96        13
         235       0.90      0.98      0.93        44
         236       0.82      0.56      0.67        16
         237       0.95      0.86      0.90        21
         238       0.82      0.82      0.82        11
         239       0.81      0.93      0.87        14
         240       0.73      0.73      0.73        15
         241       0.87      1.00      0.93        13
         242       0.85      0.73      0.79        15
         243       0.43      0.43      0.43        14
         244       1.00      0.82      0.90        11
         245       0.79      0.83      0.81        18
         246       0.76      0.89      0.82        18
         247       0.50      0.83      0.62         6
         248       1.00      1.00      1.00        18
         249       0.61      0.79      0.69        14
         250       1.00      1.00      1.00        10
         251       0.92      0.71      0.80        17
         252       0.50      1.00      0.67         7
         253       0.79      0.85      0.81        13
         254       0.71      0.86      0.77        14
         255       1.00      1.00      1.00        10
         256       1.00      0.64      0.78        14
         257       0.58      0.61      0.59        18
         258       0.88      0.94      0.91        16
         259       0.92      0.73      0.81        15
         260       0.70      0.64      0.67        22
         261       0.88      1.00      0.94        15
         262       0.52      0.73      0.61        15
         263       1.00      0.93      0.97        15
         264       0.62      0.88      0.73        17
         265       0.82      0.64      0.72        14
         266       0.60      0.60      0.60        10
         267       0.86      0.86      0.86         7
         268       0.79      0.85      0.81        13
         269       1.00      1.00      1.00        10
         270       0.89      0.73      0.80        11
         271       0.80      0.57      0.67         7
         272       0.73      0.80      0.76        10
         273       0.34      0.50      0.41        22
         274       0.72      1.00      0.84        13
         275       0.00      0.00      0.00         2
         276       0.67      0.80      0.73        20
         277       0.86      0.80      0.83        15
         278       1.00      1.00      1.00        13
         279       1.00      0.76      0.86        21
         280       0.64      0.58      0.61        12
         281       0.82      0.69      0.75        13
         282       0.53      0.67      0.59        12
         283       0.94      0.94      0.94        17
         284       0.50      1.00      0.67        13
         285       0.64      0.82      0.72        11
         286       0.92      0.92      0.92        12
         287       0.27      0.50      0.35         8
         288       0.69      1.00      0.81        11
         289       0.88      0.50      0.64        14
         290       0.70      1.00      0.82        14
         291       0.82      0.78      0.80        23
         292       0.93      0.93      0.93        15
         293       1.00      0.92      0.96        12
         294       0.64      0.78      0.70         9
         295       0.86      0.86      0.86        14
         296       0.94      1.00      0.97        15

    accuracy                           0.75      4314
   macro avg       0.76      0.75      0.74      4314
weighted avg       0.77      0.75      0.74      4314
