Classification report:
               precision    recall  f1-score   support

           0       0.00      0.00      0.00        17
           1       0.00      0.00      0.00        20
           2       0.00      0.00      0.00        17
           3       0.00      0.00      0.00        15
           4       0.00      0.00      0.00        16
           5       0.00      0.00      0.00        14
           6       0.00      0.00      0.00        10
           7       0.00      0.00      0.00        20
           8       0.00      0.00      0.00        18
           9       0.00      0.00      0.00         8
          10       0.00      0.00      0.00        10
          11       0.00      0.00      0.00        18
          12       0.00      0.00      0.00        11
          13       0.00      0.00      0.00        12
          14       0.00      0.00      0.00        20
          15       0.00      0.00      0.00        11
          16       0.00      0.00      0.00        17
          17       0.00      0.00      0.00        25
          18       0.00      0.00      0.00        17
          19       0.00      0.00      0.00        16
          20       0.00      0.00      0.00        13
          21       0.00      0.00      0.00        21
          22       0.00      0.00      0.00        23
          23       0.00      0.00      0.00        19
          24       0.00      0.00      0.00        19
          25       0.00      0.00      0.00         9
          26       0.00      0.00      0.00        18
          27       0.00      0.00      0.00        14
          28       0.00      0.00      0.00        15
          29       0.00      0.00      0.00        16
          30       0.00      0.00      0.00        13
          31       0.00      0.00      0.00        16
          32       0.00      0.00      0.00         6
          33       0.00      0.00      0.00        17
          34       0.00      0.00      0.00        15
          35       0.00      0.00      0.00         6
          36       0.00      0.00      0.00         8
          37       0.00      0.00      0.00        17
          38       0.00      0.00      0.00        20
          39       0.00      0.00      0.00        12
          40       0.00      0.00      0.00        18
          41       0.00      0.00      0.00        16
          42       0.00      0.00      0.00        26
          43       0.00      0.00      0.00        14
          44       0.00      0.00      0.00        10
          46       0.00      0.00      0.00        16
          47       0.00      0.00      0.00         7
          48       0.00      0.00      0.00        20
          49       0.00      0.00      0.00        11
          50       0.00      0.00      0.00        17
          51       0.00      0.00      0.00        22
          52       0.00      0.00      0.00        12
          53       0.00      0.00      0.00        27
          54       0.00      0.00      0.00         5
          55       0.00      0.00      0.00         9
          56       0.00      0.00      0.00        22
          57       0.00      0.00      0.00        16
          58       0.00      0.00      0.00        16
          59       0.00      0.00      0.00        12
          60       0.00      0.00      0.00         7
          61       0.00      0.00      0.00        13
          62       0.00      0.00      0.00        13
          63       0.00      0.00      0.00         8
          64       0.00      0.00      0.00        11
          65       0.00      0.00      0.00        14
          66       0.00      0.00      0.00        11
          67       0.00      0.00      0.00        20
          68       0.00      0.00      0.00        12
          69       0.00      0.00      0.00        15
          70       0.00      0.00      0.00        14
          71       0.00      0.00      0.00        10
          72       0.00      0.00      0.00        14
          73       0.00      0.00      0.00         6
          74       0.00      0.00      0.00         6
          75       0.00      0.00      0.00        11
          76       0.00      0.00      0.00        13
          77       0.00      0.00      0.00        15
          78       0.00      0.00      0.00        14
          79       0.00      0.00      0.00        11
          80       0.00      0.00      0.00        15
          81       0.00      0.00      0.00        10
          82       0.00      0.00      0.00        11
          83       0.00      0.00      0.00         7
          84       0.00      0.00      0.00        10
          85       0.00      0.00      0.00        19
          86       0.00      0.00      0.00        13
          87       0.00      0.00      0.00        11
          88       0.00      0.00      0.00        12
          89       0.00      0.00      0.00        13
          90       0.00      0.00      0.00        12
          91       0.00      0.00      0.00        18
          92       0.00      0.00      0.00         9
          93       0.00      0.00      0.00        17
          94       0.00      0.00      0.00        10
          95       0.00      0.00      0.00         9
          96       0.00      0.00      0.00        12
          97       0.00      0.00      0.00        15
          98       0.00      0.00      0.00        12
          99       0.00      0.00      0.00        10
         100       0.00      0.00      0.00        19
         101       0.00      0.00      0.00        16
         102       0.00      0.00      0.00         9
         103       0.00      0.00      0.00        11
         104       0.00      0.00      0.00        25
         105       0.00      0.00      0.00        18
         106       0.00      0.00      0.00         8
         107       0.00      0.00      0.00        19
         108       0.00      0.00      0.00        15
         109       0.00      0.00      0.00        15
         110       0.00      0.00      0.00        24
         111       0.00      0.00      0.00         3
         112       0.00      0.00      0.00        10
         113       0.00      0.00      0.00        19
         114       0.00      0.00      0.00        15
         115       0.00      0.00      0.00        20
         116       0.00      0.00      0.00        18
         117       0.00      0.00      0.00        17
         118       0.00      0.00      0.00        13
         119       0.00      0.00      0.00        11
         120       0.00      0.00      0.00        17
         121       0.00      0.00      0.00        19
         122       0.00      0.00      0.00        10
         123       0.00      0.00      0.00        23
         124       0.00      0.00      0.00        14
         125       0.00      0.00      0.00        19
         126       0.00      0.00      0.00        12
         127       0.00      0.00      0.00        17
         128       0.00      0.00      0.00        15
         129       0.00      0.00      0.00        10
         130       0.00      0.00      0.00         7
         131       0.00      0.00      0.00        17
         132       0.00      0.00      0.00         8
         133       0.00      0.00      0.00        10
         134       0.00      0.00      0.00        17
         135       0.00      0.00      0.00        23
         136       0.00      0.00      0.00         6
         137       0.00      0.00      0.00        11
         138       0.00      0.00      0.00        15
         139       0.00      0.00      0.00        22
         140       0.00      0.00      0.00        15
         141       0.00      0.00      0.00        11
         142       0.00      0.00      0.00        15
         143       0.00      0.00      0.00        17
         144       0.00      0.00      0.00        10
         145       0.00      0.00      0.00        18
         146       0.00      0.00      0.00         6
         147       0.00      0.00      0.00        10
         148       0.00      0.00      0.00        16
         149       0.00      0.00      0.00        18
         150       0.00      0.00      0.00        19
         151       0.00      0.00      0.00        13
         152       0.00      0.00      0.00        13
         153       0.00      0.00      0.00        19
         154       0.00      0.00      0.00         4
         155       0.00      0.00      0.00        15
         156       0.00      0.00      0.00         9
         157       0.00      0.00      0.00        17
         158       0.00      0.00      0.00        13
         159       0.00      0.00      0.00        17
         160       0.00      0.00      0.00        16
         161       0.00      0.00      0.00        12
         162       0.00      0.00      0.00        22
         163       0.00      0.00      0.00        21
         164       0.00      0.00      0.00        12
         165       0.00      0.00      0.00        11
         166       0.00      0.00      0.00        15
         167       0.00      0.00      0.00         7
         168       0.00      0.00      0.00        15
         169       0.00      0.00      0.00         5
         170       0.00      0.00      0.00        16
         171       0.00      0.00      0.00        16
         172       0.00      0.00      0.00        16
         173       0.00      0.00      0.00        13
         174       0.00      0.00      0.00        17
         175       0.00      0.00      0.00        17
         176       0.00      0.00      0.00        20
         177       0.00      0.00      0.00        18
         178       0.00      0.00      0.00        16
         179       0.00      0.00      0.00        20
         180       0.00      0.00      0.00        12
         181       0.00      0.00      0.00        25
         182       0.00      0.00      0.00        22
         183       0.00      0.00      0.00        17
         184       0.00      0.00      0.00        11
         185       0.00      0.00      0.00        14
         186       0.00      0.00      0.00        18
         187       0.00      0.00      0.00        14
         188       0.00      0.00      0.00        14
         189       0.00      0.00      0.00        12
         190       0.00      0.00      0.00        21
         191       0.00      0.00      0.00        15
         192       0.00      0.00      0.00        23
         193       0.00      0.00      0.00        19
         194       0.00      0.00      0.00         9
         195       0.00      0.00      0.00        10
         196       0.00      0.00      0.00        14
         197       0.00      0.00      0.00        20
         198       0.00      0.00      0.00         7
         199       0.00      0.00      0.00        14
         200       0.00      0.00      0.00        11
         201       0.00      0.00      0.00        20
         202       0.00      0.00      0.00        19
         203       0.00      0.00      0.00        13
         204       0.00      0.00      0.00        19
         205       0.00      0.00      0.00        14
         206       0.00      0.00      0.00        16
         207       0.00      0.00      0.00        12
         208       0.00      0.00      0.00        22
         209       0.00      0.00      0.00         7
         210       0.00      0.00      0.00         8
         211       0.01      1.00      0.02        33
         212       0.00      0.00      0.00        13
         213       0.00      0.00      0.00        16
         214       0.00      0.00      0.00        13
         215       0.00      0.00      0.00        14
         216       0.00      0.00      0.00        11
         217       0.00      0.00      0.00        12
         218       0.00      0.00      0.00        17
         219       0.00      0.00      0.00        10
         220       0.00      0.00      0.00        11
         221       0.00      0.00      0.00        24
         222       0.00      0.00      0.00        13
         223       0.00      0.00      0.00        19
         224       0.00      0.00      0.00        15
         225       0.00      0.00      0.00        10
         226       0.00      0.00      0.00        17
         227       0.00      0.00      0.00        16
         228       0.00      0.00      0.00        15
         229       0.00      0.00      0.00        14
         230       0.00      0.00      0.00        13
         231       0.00      0.00      0.00        17
         232       0.00      0.00      0.00         8
         233       0.00      0.00      0.00        12
         234       0.00      0.00      0.00        12
         235       0.00      0.00      0.00        15
         236       0.00      0.00      0.00        11
         237       0.00      0.00      0.00        17
         238       0.00      0.00      0.00         7
         239       0.00      0.00      0.00        26
         240       0.00      0.00      0.00        12
         241       0.00      0.00      0.00        12
         242       0.00      0.00      0.00        13
         243       0.00      0.00      0.00        12
         244       0.00      0.00      0.00         8
         245       0.00      0.00      0.00         9
         246       0.00      0.00      0.00        16
         247       0.00      0.00      0.00        14
         248       0.00      0.00      0.00        17
         249       0.00      0.00      0.00        16
         250       0.00      0.00      0.00        15
         251       0.00      0.00      0.00        12
         252       0.00      0.00      0.00         8
         253       0.00      0.00      0.00        15
         254       0.00      0.00      0.00        21
         255       0.00      0.00      0.00        17
         256       0.00      0.00      0.00        14
         257       0.00      0.00      0.00        15
         258       0.00      0.00      0.00        10
         259       0.00      0.00      0.00        13
         260       0.00      0.00      0.00        22
         261       0.00      0.00      0.00        13
         262       0.00      0.00      0.00        17
         263       0.00      0.00      0.00        17
         264       0.00      0.00      0.00        15
         265       0.00      0.00      0.00        13
         266       0.00      0.00      0.00        13
         267       0.00      0.00      0.00        10
         268       0.00      0.00      0.00        13
         269       0.00      0.00      0.00        13
         270       0.00      0.00      0.00        18
         271       0.00      0.00      0.00        21
         272       0.00      0.00      0.00         6
         273       0.00      0.00      0.00        15
         274       0.00      0.00      0.00        17
         275       0.00      0.00      0.00         1
         276       0.00      0.00      0.00        18
         277       0.00      0.00      0.00        10
         278       0.00      0.00      0.00        16
         279       0.00      0.00      0.00        21
         280       0.00      0.00      0.00        12
         281       0.00      0.00      0.00        15
         282       0.00      0.00      0.00        14
         283       0.00      0.00      0.00        19
         284       0.00      0.00      0.00        12
         285       0.00      0.00      0.00         7
         286       0.00      0.00      0.00        13
         287       0.00      0.00      0.00         9
         288       0.00      0.00      0.00        10
         289       0.00      0.00      0.00        14
         290       0.00      0.00      0.00        13
         291       0.00      0.00      0.00        17
         292       0.00      0.00      0.00        10
         293       0.00      0.00      0.00        16
         294       0.00      0.00      0.00        10
         295       0.00      0.00      0.00        15
         296       0.00      0.00      0.00        11

    accuracy                           0.01      4243
   macro avg       0.00      0.00      0.00      4243
weighted avg       0.00      0.01      0.00      4243
