Classification report:
               precision    recall  f1-score   support

           0       0.50      0.50      0.50        14
           1       0.89      0.89      0.89        18
           2       0.69      0.92      0.79        12
           3       0.60      0.86      0.71         7
           4       0.70      0.89      0.78        18
           5       0.83      0.83      0.83         6
           6       0.70      1.00      0.82         7
           7       0.82      0.88      0.85        16
           8       0.88      0.88      0.88        17
           9       0.94      0.89      0.91        18
          10       0.82      0.69      0.75        13
          11       0.77      0.62      0.69        16
          12       0.54      0.70      0.61        10
          13       0.47      0.62      0.53        13
          14       1.00      1.00      1.00        11
          15       0.71      0.62      0.67         8
          16       0.69      0.73      0.71        15
          17       0.50      0.80      0.62        15
          18       0.47      0.69      0.56        13
          19       0.70      0.88      0.78        16
          20       0.92      0.60      0.73        20
          21       0.88      0.78      0.82        18
          22       0.75      0.67      0.71        18
          23       0.93      1.00      0.96        13
          24       0.71      0.77      0.74        22
          25       0.53      0.75      0.62        12
          26       0.92      0.69      0.79        16
          27       0.48      0.76      0.59        17
          28       0.41      0.61      0.49        18
          29       0.82      0.95      0.88        19
          30       0.80      0.33      0.47        12
          31       0.50      0.80      0.62        10
          32       0.91      0.83      0.87        12
          33       0.67      0.57      0.62        14
          34       0.65      0.87      0.74        15
          35       0.83      0.91      0.87        11
          36       0.71      0.77      0.74        13
          37       0.83      0.71      0.77        14
          38       0.89      0.85      0.87        20
          39       1.00      0.83      0.91         6
          40       1.00      1.00      1.00        10
          41       0.77      1.00      0.87        10
          42       0.72      0.81      0.76        16
          43       1.00      0.70      0.82        23
          44       0.83      0.91      0.87        11
          45       1.00      1.00      1.00         2
          46       0.60      0.80      0.69        15
          47       0.80      0.53      0.64        15
          48       0.56      0.83      0.67        12
          49       1.00      1.00      1.00        11
          50       0.86      0.90      0.88        21
          51       0.50      0.62      0.55        21
          52       0.86      0.86      0.86        14
          53       0.93      1.00      0.96        40
          54       0.91      0.91      0.91        11
          55       0.83      0.71      0.77        14
          56       0.56      0.42      0.48        12
          57       0.79      0.94      0.86        16
          58       0.80      0.67      0.73        12
          59       0.69      0.92      0.79        12
          60       0.86      0.46      0.60        13
          61       0.78      0.93      0.85        15
          62       0.73      0.80      0.76        10
          63       0.71      1.00      0.83        12
          64       0.67      0.75      0.71         8
          65       0.88      0.58      0.70        12
          66       0.75      0.67      0.71         9
          67       0.69      0.73      0.71        15
          68       0.81      0.72      0.76        18
          69       0.73      0.57      0.64        14
          70       1.00      1.00      1.00        10
          71       0.63      0.71      0.67        17
          72       0.93      0.88      0.90        16
          73       0.82      0.82      0.82        11
          74       1.00      0.69      0.82        13
          75       0.54      0.54      0.54        13
          76       0.65      0.79      0.71        14
          77       0.78      0.93      0.85        15
          78       0.92      0.85      0.88        13
          79       0.67      0.83      0.74        12
          80       0.64      0.60      0.62        15
          81       0.52      0.79      0.63        14
          82       0.67      0.70      0.68        20
          83       0.88      0.74      0.80        19
          84       0.71      0.71      0.71        14
          85       0.82      0.88      0.85        16
          86       0.73      1.00      0.85        11
          87       1.00      0.45      0.62        11
          88       0.38      0.45      0.42        11
          89       0.40      0.33      0.36        12
          90       1.00      0.92      0.96        12
          91       0.85      0.61      0.71        18
          92       0.78      0.78      0.78         9
          93       0.69      0.69      0.69        16
          94       1.00      0.92      0.96        13
          95       0.78      0.88      0.82         8
          96       0.75      0.50      0.60         6
          97       0.90      1.00      0.95         9
          98       0.85      0.79      0.81        14
          99       0.67      0.77      0.71        13
         100       0.90      0.50      0.64        18
         101       0.80      0.73      0.76        11
         102       0.64      0.70      0.67        10
         103       1.00      0.47      0.64        19
         104       0.60      0.88      0.71        17
         105       0.82      0.75      0.78        12
         106       0.50      0.18      0.27        11
         107       0.80      0.75      0.77        16
         108       0.89      1.00      0.94         8
         109       0.92      0.80      0.86        15
         110       0.71      0.60      0.65        20
         112       1.00      0.77      0.87        13
         113       1.00      0.95      0.98        21
         114       0.77      0.59      0.67        17
         115       0.70      0.39      0.50        18
         116       0.86      0.83      0.84        23
         117       0.85      1.00      0.92        11
         118       0.83      0.62      0.71        16
         119       0.70      0.58      0.64        12
         120       0.97      0.97      0.97        37
         121       0.67      0.71      0.69        14
         122       0.55      0.43      0.48        14
         123       0.71      0.86      0.77        14
         124       1.00      1.00      1.00        11
         125       1.00      0.83      0.91        12
         126       0.90      0.47      0.62        19
         127       0.48      0.61      0.54        18
         128       0.53      0.56      0.55        16
         129       0.78      0.58      0.67        12
         130       0.91      1.00      0.95        10
         131       0.47      0.57      0.52        14
         132       0.80      0.57      0.67         7
         133       0.75      0.50      0.60         6
         134       0.85      0.69      0.76        16
         135       0.67      0.82      0.74        17
         136       0.82      0.90      0.86        10
         137       0.71      0.50      0.59        10
         138       0.92      0.85      0.88        13
         139       0.79      0.88      0.83        17
         140       0.62      0.67      0.65        15
         141       0.91      0.91      0.91        11
         142       0.82      0.78      0.80        18
         143       1.00      0.85      0.92        13
         144       0.80      1.00      0.89        12
         145       0.90      0.60      0.72        15
         146       1.00      0.76      0.87        17
         147       0.91      0.77      0.83        13
         148       1.00      0.88      0.93         8
         149       0.93      0.74      0.82        19
         150       0.88      0.64      0.74        22
         151       0.79      0.92      0.85        12
         152       0.70      0.78      0.74        18
         153       0.77      0.67      0.71        15
         154       1.00      0.80      0.89        15
         155       0.14      0.08      0.10        13
         156       0.67      0.50      0.57         8
         157       0.45      0.82      0.58        17
         158       1.00      0.69      0.81        16
         159       0.77      0.71      0.74        14
         160       0.77      0.71      0.74        14
         161       0.83      0.22      0.34        23
         162       0.79      0.50      0.61        22
         163       0.86      0.67      0.75        18
         164       0.93      0.68      0.79        19
         165       0.71      0.77      0.74        13
         166       0.69      0.53      0.60        17
         167       0.33      0.30      0.32        10
         168       1.00      0.87      0.93        15
         169       0.56      0.62      0.59         8
         170       0.57      0.57      0.57         7
         171       0.67      0.73      0.70        22
         172       0.60      0.83      0.70        18
         173       0.83      0.67      0.74        15
         174       0.93      0.64      0.76        22
         175       1.00      0.85      0.92        13
         176       0.68      0.72      0.70        18
         177       0.71      0.86      0.77        14
         178       0.92      1.00      0.96        12
         179       0.82      0.72      0.77        25
         180       0.73      0.79      0.76        14
         181       0.00      0.00      0.00        21
         182       0.07      0.10      0.09        20
         183       0.88      0.74      0.80        19
         184       0.60      0.46      0.52        13
         185       0.89      0.80      0.84        20
         186       0.83      0.53      0.65        19
         187       0.67      1.00      0.80         6
         188       0.58      0.79      0.67        14
         189       0.80      0.86      0.83        14
         190       0.67      0.92      0.77        13
         191       0.50      0.47      0.48        17
         192       0.65      0.92      0.76        12
         193       0.93      1.00      0.96        13
         194       0.85      0.79      0.81        14
         195       0.92      1.00      0.96        12
         196       0.90      0.70      0.79        27
         197       0.76      0.81      0.79        16
         198       0.94      1.00      0.97        15
         199       0.82      0.74      0.78        19
         200       0.64      0.58      0.61        12
         201       0.41      0.41      0.41        17
         202       0.93      0.70      0.80        20
         203       0.80      0.86      0.83        14
         204       0.92      0.58      0.71        19
         205       0.42      0.33      0.37        15
         206       0.67      0.73      0.70        11
         207       0.85      0.92      0.88        12
         208       0.90      0.95      0.93        59
         209       0.91      1.00      0.95        10
         210       0.86      0.86      0.86        14
         211       0.83      0.96      0.89        26
         212       0.69      0.64      0.67        14
         213       0.86      0.50      0.63        12
         214       0.50      0.67      0.57         9
         215       0.92      0.73      0.81        15
         216       0.71      0.71      0.71        14
         217       1.00      0.93      0.97        15
         218       0.88      0.93      0.90        15
         219       0.73      0.79      0.76        14
         220       0.53      0.67      0.59        15
         221       0.89      0.77      0.83        22
         222       0.80      0.57      0.67        14
         223       0.75      0.75      0.75        12
         224       0.50      0.17      0.25        18
         225       0.60      0.90      0.72        10
         226       0.71      0.91      0.80        11
         227       0.89      0.94      0.91        17
         228       0.67      0.92      0.77        13
         229       0.64      0.53      0.58        17
         230       0.70      0.88      0.78         8
         231       0.88      1.00      0.94        15
         232       0.77      0.67      0.71        15
         233       0.46      0.86      0.60         7
         234       0.92      0.92      0.92        13
         235       0.83      1.00      0.91        44
         236       0.67      0.62      0.65        16
         237       0.90      0.86      0.88        21
         238       0.83      0.91      0.87        11
         239       0.61      1.00      0.76        14
         240       1.00      0.87      0.93        15
         241       0.62      1.00      0.76        13
         242       0.83      0.67      0.74        15
         243       0.50      0.50      0.50        14
         244       0.59      0.91      0.71        11
         245       0.88      0.83      0.86        18
         246       0.84      0.89      0.86        18
         247       0.80      0.67      0.73         6
         248       0.82      1.00      0.90        18
         249       0.61      0.79      0.69        14
         250       1.00      1.00      1.00        10
         251       0.92      0.65      0.76        17
         252       0.56      0.71      0.63         7
         253       0.83      0.77      0.80        13
         254       0.77      0.71      0.74        14
         255       0.83      1.00      0.91        10
         256       0.58      0.79      0.67        14
         257       0.53      0.56      0.54        18
         258       0.88      0.88      0.88        16
         259       0.71      0.67      0.69        15
         260       0.89      0.73      0.80        22
         261       0.94      1.00      0.97        15
         262       0.61      0.73      0.67        15
         263       1.00      0.87      0.93        15
         264       0.76      0.94      0.84        17
         265       1.00      0.64      0.78        14
         266       0.57      0.80      0.67        10
         267       0.60      0.86      0.71         7
         268       0.86      0.92      0.89        13
         269       0.91      1.00      0.95        10
         270       0.89      0.73      0.80        11
         271       0.23      0.43      0.30         7
         272       1.00      0.90      0.95        10
         273       0.35      0.27      0.31        22
         274       0.86      0.92      0.89        13
         275       0.00      0.00      0.00         2
         276       0.78      0.90      0.84        20
         277       0.86      0.80      0.83        15
         278       0.93      1.00      0.96        13
         279       0.82      0.86      0.84        21
         280       0.86      0.50      0.63        12
         281       0.77      0.77      0.77        13
         282       0.57      0.67      0.62        12
         283       0.94      0.94      0.94        17
         284       0.75      0.92      0.83        13
         285       0.77      0.91      0.83        11
         286       0.85      0.92      0.88        12
         287       0.22      0.50      0.31         8
         288       0.92      1.00      0.96        11
         289       0.69      0.64      0.67        14
         290       0.74      1.00      0.85        14
         291       0.91      0.91      0.91        23
         292       0.88      0.93      0.90        15
         293       1.00      0.92      0.96        12
         294       1.00      0.78      0.88         9
         295       0.93      0.93      0.93        14
         296       0.93      0.93      0.93        15

    accuracy                           0.75      4314
   macro avg       0.76      0.75      0.75      4314
weighted avg       0.77      0.75      0.75      4314
