Classification report:
               precision    recall  f1-score   support

           0       0.20      0.10      0.13        10
           1       0.53      0.50      0.51        18
           2       0.30      0.50      0.37        18
           3       0.33      0.23      0.27        13
           4       0.18      0.13      0.15        15
           5       0.33      0.55      0.41        11
           6       0.50      0.12      0.20        16
           7       0.67      0.93      0.78        15
           8       0.81      0.76      0.79        17
           9       0.57      0.24      0.33        17
          10       0.12      0.10      0.11        10
          11       0.42      0.40      0.41        20
          12       0.15      0.33      0.21        12
          13       0.27      0.15      0.19        20
          14       0.71      0.80      0.75        15
          15       1.00      0.25      0.40         8
          16       0.40      0.13      0.20        15
          17       0.27      0.19      0.22        16
          18       0.50      0.14      0.21        22
          19       0.12      0.20      0.15        15
          20       0.14      0.39      0.20        18
          21       0.14      0.07      0.10        14
          22       0.25      0.44      0.32        16
          23       0.23      0.27      0.25        11
          24       0.00      0.00      0.00        23
          25       0.08      0.05      0.06        21
          26       0.00      0.00      0.00         9
          27       0.14      0.41      0.21        17
          28       0.27      0.43      0.33        14
          29       0.60      0.46      0.52        13
          30       0.57      0.36      0.44        11
          31       0.00      0.00      0.00        13
          32       1.00      0.92      0.96        13
          33       0.18      0.24      0.20        21
          34       0.90      0.50      0.64        18
          35       0.75      0.50      0.60        12
          36       0.25      0.08      0.12        13
          37       0.29      0.14      0.19        14
          38       0.19      0.32      0.24        19
          39       0.73      0.85      0.79        13
          40       0.94      0.89      0.91        18
          41       1.00      0.62      0.77        16
          42       0.16      0.31      0.21        16
          43       0.29      0.62      0.40        16
          44       0.61      0.94      0.74        18
          45       1.00      1.00      1.00         1
          46       0.40      0.10      0.16        20
          47       0.25      0.14      0.18         7
          48       0.06      0.11      0.07        19
          49       0.88      0.78      0.82         9
          50       0.22      0.71      0.34        14
          51       0.07      0.12      0.09        16
          52       0.25      0.17      0.20        12
          53       1.00      0.96      0.98        28
          54       0.67      0.67      0.67         9
          55       0.70      0.47      0.56        15
          56       1.00      0.09      0.17        11
          57       0.36      0.64      0.46        14
          58       0.20      0.38      0.26        13
          59       0.00      0.00      0.00        11
          60       0.40      0.17      0.24        12
          61       0.62      0.76      0.68        21
          62       0.12      0.29      0.17         7
          63       0.33      0.08      0.12        13
          64       0.22      0.33      0.27         6
          65       0.20      0.41      0.27        17
          66       0.33      0.10      0.15        20
          67       0.18      0.32      0.23        19
          68       0.12      0.27      0.16        15
          69       0.00      0.00      0.00        17
          70       1.00      0.80      0.89        15
          71       0.25      0.38      0.30        16
          72       0.11      0.31      0.17        16
          73       0.00      0.00      0.00         4
          74       0.13      0.27      0.18        11
          75       0.00      0.00      0.00         8
          76       0.42      0.36      0.38        14
          77       0.00      0.00      0.00        14
          78       0.00      0.00      0.00        14
          79       0.24      0.37      0.29        19
          80       0.50      0.43      0.46        14
          81       0.50      0.08      0.13        13
          82       0.20      0.07      0.10        15
          83       0.00      0.00      0.00        12
          84       0.33      0.56      0.42         9
          85       0.55      0.30      0.39        20
          86       1.00      0.71      0.83        14
          87       0.07      0.20      0.11        10
          88       0.12      0.10      0.11        10
          89       0.23      0.53      0.32        15
          90       0.64      0.75      0.69        12
          91       0.22      0.29      0.25        14
          92       0.00      0.00      0.00        15
          93       0.50      0.24      0.32        17
          94       0.89      0.67      0.76        12
          95       0.22      0.22      0.22         9
          96       0.03      0.06      0.04        17
          97       0.25      0.17      0.20        12
          98       0.86      0.67      0.75        18
          99       0.00      0.00      0.00        15
         100       0.00      0.00      0.00        11
         101       0.38      0.60      0.46        10
         102       1.00      0.43      0.60        14
         103       0.00      0.00      0.00        11
         104       0.08      0.15      0.10        20
         105       0.17      0.14      0.15         7
         106       0.56      0.38      0.45        13
         107       0.23      0.26      0.24        19
         108       0.00      0.00      0.00         6
         109       0.69      0.56      0.62        16
         110       0.50      0.28      0.36        18
         111       0.00      0.00      0.00         2
         112       0.80      0.67      0.73        12
         113       0.88      0.75      0.81        20
         114       0.33      0.38      0.36        13
         115       0.27      0.57      0.37        21
         116       0.32      0.57      0.41        14
         117       1.00      1.00      1.00         7
         118       0.00      0.00      0.00        10
         119       0.00      0.00      0.00        14
         120       0.91      1.00      0.95        21
         121       0.11      0.17      0.14        23
         122       0.08      0.07      0.07        15
         123       0.67      0.08      0.15        24
         124       0.88      0.78      0.82         9
         125       0.00      0.00      0.00         9
         126       1.00      0.09      0.17        11
         127       0.00      0.00      0.00        12
         128       0.59      0.56      0.57        18
         129       0.40      0.13      0.20        15
         130       1.00      1.00      1.00        12
         131       0.18      0.20      0.19        10
         132       0.80      0.40      0.53        10
         133       0.07      0.09      0.08        11
         134       1.00      0.20      0.33        20
         135       1.00      0.35      0.52        17
         136       0.25      0.62      0.36         8
         137       0.00      0.00      0.00         5
         138       0.25      0.47      0.33        19
         139       0.42      0.16      0.23        31
         140       0.36      0.25      0.29        20
         141       0.00      0.00      0.00        10
         142       0.00      0.00      0.00        12
         143       0.62      0.50      0.56        10
         144       0.00      0.00      0.00        16
         145       0.21      0.13      0.16        23
         146       0.17      0.06      0.09        17
         147       0.00      0.00      0.00        11
         148       0.64      0.70      0.67        10
         149       0.22      0.40      0.29        15
         150       0.25      0.20      0.22        10
         151       0.29      0.10      0.15        20
         152       0.50      0.33      0.40        15
         153       0.27      0.24      0.25        17
         154       0.00      0.00      0.00         9
         155       0.06      0.13      0.08        15
         156       0.38      0.30      0.33        10
         157       0.08      0.14      0.10        14
         158       0.75      0.50      0.60         6
         159       0.67      0.25      0.36        16
         160       0.00      0.00      0.00        11
         161       0.00      0.00      0.00        13
         162       0.43      0.43      0.43        14
         163       0.20      0.05      0.08        19
         164       0.20      0.11      0.14        18
         165       1.00      0.64      0.78        11
         166       0.17      0.10      0.12        10
         167       0.25      0.10      0.14        10
         168       0.20      0.07      0.11        14
         169       0.08      0.33      0.13         9
         170       0.67      0.40      0.50        15
         171       0.00      0.00      0.00        13
         172       0.27      0.16      0.20        19
         173       0.23      0.27      0.25        11
         174       0.15      0.10      0.12        21
         175       0.09      0.33      0.14        18
         176       0.00      0.00      0.00        24
         177       0.10      0.20      0.13        20
         178       1.00      1.00      1.00        13
         179       0.06      0.17      0.09        24
         180       0.29      0.18      0.22        11
         181       0.00      0.00      0.00        17
         182       0.12      0.18      0.15        17
         183       1.00      0.06      0.11        18
         184       0.10      0.14      0.11        14
         185       0.15      0.15      0.15        13
         186       0.29      0.33      0.31        12
         187       0.43      0.67      0.52         9
         188       1.00      0.05      0.10        19
         189       0.20      0.11      0.14        18
         190       0.07      0.10      0.08        21
         191       0.10      0.10      0.10        20
         192       0.12      0.06      0.08        17
         193       0.88      1.00      0.93         7
         194       0.00      0.00      0.00        11
         195       1.00      1.00      1.00         9
         196       0.14      0.28      0.19        18
         197       0.13      0.20      0.16        25
         198       0.83      0.71      0.77        14
         199       0.33      0.08      0.13        12
         200       0.17      0.22      0.19         9
         201       0.00      0.00      0.00        11
         202       0.04      0.11      0.06        19
         203       0.25      0.24      0.24        17
         204       0.17      0.08      0.11        13
         205       0.16      0.14      0.15        21
         206       0.82      0.82      0.82        11
         207       0.85      1.00      0.92        11
         208       0.88      0.82      0.85        17
         209       1.00      0.47      0.64        15
         210       0.00      0.00      0.00         9
         211       0.84      0.84      0.84        32
         212       0.00      0.00      0.00        10
         213       0.82      0.45      0.58        20
         214       0.20      0.14      0.17         7
         215       0.17      0.13      0.15        15
         216       0.25      0.17      0.20        12
         217       0.43      0.50      0.46        12
         218       1.00      0.29      0.44        14
         219       0.83      0.45      0.59        11
         220       0.40      0.12      0.19        16
         221       0.00      0.00      0.00        15
         222       1.00      0.38      0.55         8
         223       0.00      0.00      0.00        14
         224       0.00      0.00      0.00        11
         225       0.33      0.50      0.40        10
         226       0.05      0.08      0.06        12
         227       0.62      0.36      0.45        14
         228       1.00      0.22      0.36         9
         229       0.17      0.25      0.20         8
         230       0.40      0.67      0.50        12
         231       1.00      0.93      0.97        15
         232       0.44      0.78      0.56         9
         233       1.00      0.30      0.46        10
         234       0.54      0.70      0.61        10
         235       1.00      0.74      0.85        27
         236       0.11      0.08      0.10        12
         237       0.80      0.40      0.53        20
         238       0.50      0.25      0.33        12
         239       0.93      0.78      0.85        18
         240       0.43      0.60      0.50        10
         241       0.26      0.67      0.38        15
         242       0.33      0.17      0.22        18
         243       0.30      0.15      0.20        20
         244       0.00      0.00      0.00         8
         245       0.04      0.27      0.08        11
         246       0.79      0.61      0.69        18
         247       0.50      0.11      0.18         9
         248       1.00      1.00      1.00        23
         249       1.00      0.12      0.22         8
         250       0.94      0.94      0.94        16
         251       0.00      0.00      0.00        14
         252       1.00      0.25      0.40        16
         253       0.36      0.24      0.29        21
         254       0.20      0.12      0.15        16
         255       1.00      1.00      1.00        15
         256       0.67      0.19      0.30        21
         257       0.00      0.00      0.00        19
         258       0.40      0.33      0.36        12
         259       0.25      0.18      0.21        17
         260       0.14      0.08      0.10        13
         261       0.91      0.67      0.77        15
         262       0.22      0.21      0.22        19
         263       0.18      0.38      0.24         8
         264       0.45      0.62      0.53        16
         265       0.00      0.00      0.00        12
         266       0.00      0.00      0.00        11
         267       0.23      0.64      0.33        14
         268       0.07      0.11      0.09         9
         269       1.00      1.00      1.00         9
         270       0.42      0.38      0.40        13
         271       0.04      0.16      0.06        19
         272       0.29      0.25      0.27         8
         273       0.35      0.35      0.35        23
         274       0.20      0.14      0.17        14
         275       0.00      0.00      0.00         1
         276       0.06      0.08      0.07        13
         277       0.21      0.19      0.20        16
         278       0.95      0.86      0.90        22
         279       0.50      0.85      0.63        13
         280       0.12      0.17      0.14        18
         281       0.60      0.38      0.46        16
         282       0.50      0.08      0.13        13
         283       1.00      0.38      0.56        13
         284       0.93      0.54      0.68        26
         285       0.00      0.00      0.00         8
         286       0.60      0.75      0.67         4
         287       0.00      0.00      0.00        13
         288       1.00      1.00      1.00        13
         289       0.25      0.06      0.09        18
         290       0.44      0.40      0.42        10
         291       0.23      0.75      0.35         8
         292       0.83      0.88      0.86        17
         293       1.00      0.91      0.95        23
         294       0.73      0.62      0.67        13
         295       0.64      0.82      0.72        11
         296       0.85      0.85      0.85        13

    accuracy                           0.33      4243
   macro avg       0.39      0.33      0.33      4243
weighted avg       0.40      0.33      0.33      4243
