Classification report:
               precision    recall  f1-score   support

           0       0.60      0.23      0.33        13
           1       0.83      0.29      0.43        17
           2       0.43      0.40      0.41        15
           3       0.20      0.33      0.25         6
           4       0.40      0.12      0.19        16
           5       0.67      0.83      0.74        12
           6       0.40      0.46      0.43        13
           7       0.90      0.76      0.83        25
           8       0.85      0.89      0.87        19
           9       0.67      0.57      0.62        14
          10       0.17      0.40      0.24        10
          11       0.54      0.78      0.64         9
          12       0.17      0.10      0.12        10
          13       0.25      0.06      0.10        16
          14       0.91      0.87      0.89        23
          15       0.50      0.33      0.40         9
          16       0.00      0.00      0.00        17
          17       0.45      0.29      0.36        17
          18       0.20      0.09      0.12        23
          19       0.40      0.19      0.26        21
          20       0.44      0.27      0.33        15
          21       0.67      0.43      0.53        23
          22       0.64      0.33      0.44        27
          23       0.57      0.36      0.44        11
          24       0.50      0.24      0.32        21
          25       0.80      0.31      0.44        13
          26       0.00      0.00      0.00         9
          27       0.20      0.33      0.25        18
          28       0.43      0.43      0.43        28
          29       0.82      0.78      0.80        18
          30       0.50      0.38      0.43         8
          31       0.62      0.36      0.45        14
          32       1.00      0.91      0.95        22
          33       0.67      0.50      0.57        20
          34       0.50      0.56      0.53        16
          35       0.57      0.57      0.57        14
          36       1.00      0.12      0.22        16
          37       0.44      0.50      0.47        14
          38       0.16      0.38      0.22        16
          39       0.91      0.83      0.87        12
          40       1.00      0.85      0.92        13
          41       0.62      0.67      0.64        12
          42       0.60      0.21      0.32        28
          43       0.71      0.36      0.48        14
          44       0.62      0.89      0.73         9
          45       1.00      0.50      0.67         2
          46       0.28      0.22      0.24        23
          47       0.14      0.09      0.11        11
          48       0.20      0.05      0.08        21
          49       0.50      0.88      0.64         8
          50       0.67      0.40      0.50        15
          51       0.19      0.40      0.26        15
          52       0.29      0.12      0.17        17
          53       1.00      0.94      0.97        18
          54       0.67      1.00      0.80         8
          55       0.89      0.62      0.73        13
          56       0.00      0.00      0.00        15
          57       0.70      0.70      0.70        10
          58       0.30      0.21      0.25        14
          59       0.07      0.10      0.08        10
          60       0.50      0.28      0.36        18
          61       0.71      0.79      0.75        19
          62       0.22      0.20      0.21        10
          63       0.38      0.25      0.30        12
          64       0.33      0.33      0.33         9
          65       0.25      0.36      0.30        11
          66       0.56      0.42      0.48        12
          67       0.10      0.04      0.06        23
          68       0.19      0.25      0.21        12
          69       0.00      0.00      0.00        17
          70       1.00      0.69      0.82        13
          71       0.27      0.44      0.33        16
          72       0.14      0.24      0.18        17
          73       0.27      0.30      0.29        10
          74       0.38      0.43      0.40         7
          75       0.00      0.00      0.00        11
          76       0.88      0.58      0.70        12
          77       0.20      0.06      0.10        16
          78       0.80      0.25      0.38        16
          79       0.32      0.53      0.40        19
          80       0.30      0.30      0.30        10
          81       0.14      0.07      0.10        14
          82       0.21      0.22      0.22        18
          83       0.38      0.30      0.33        10
          84       0.45      0.47      0.46        19
          85       0.58      0.61      0.59        18
          86       0.50      0.75      0.60        12
          87       0.29      0.32      0.30        19
          88       0.46      0.75      0.57        16
          89       0.62      0.29      0.40        17
          90       1.00      0.71      0.83        14
          91       0.35      0.40      0.38        15
          92       0.10      0.07      0.08        14
          93       0.54      0.37      0.44        19
          94       0.92      0.73      0.81        15
          95       0.35      1.00      0.52         7
          96       0.22      0.12      0.15        17
          97       0.00      0.00      0.00         9
          98       0.78      0.64      0.70        11
          99       0.00      0.00      0.00        10
         100       0.11      0.07      0.08        15
         101       0.60      0.60      0.60        10
         102       0.38      0.46      0.41        13
         103       0.14      0.10      0.12        10
         104       0.12      0.09      0.10        23
         105       1.00      0.22      0.36         9
         106       0.28      0.56      0.37         9
         107       0.55      0.60      0.57        20
         108       0.08      0.10      0.09        10
         109       0.64      0.78      0.70        18
         110       0.44      0.52      0.48        23
         111       0.00      0.00      0.00         1
         112       0.23      0.42      0.29        12
         113       0.80      0.80      0.80        20
         114       0.25      0.40      0.31         5
         115       0.40      0.43      0.41        28
         116       0.46      0.43      0.44        14
         117       1.00      0.94      0.97        16
         118       0.19      0.50      0.28         8
         119       0.07      0.15      0.09        13
         120       0.94      0.83      0.88        18
         121       0.38      0.42      0.40        24
         122       0.18      0.43      0.26        14
         123       0.36      0.56      0.44        16
         124       0.80      0.67      0.73         6
         125       0.67      0.36      0.47        11
         126       0.25      0.50      0.33         8
         127       0.44      0.37      0.40        19
         128       0.55      0.46      0.50        13
         129       0.40      0.22      0.29        18
         130       0.93      1.00      0.97        14
         131       0.11      0.11      0.11         9
         132       0.71      0.45      0.56        11
         133       0.17      0.14      0.15         7
         134       0.39      0.60      0.47        15
         135       0.76      0.62      0.68        21
         136       0.73      0.73      0.73        11
         137       0.22      0.44      0.30         9
         138       0.90      0.56      0.69        16
         139       0.39      0.65      0.49        20
         140       0.24      0.53      0.33        15
         141       0.22      0.18      0.20        11
         142       0.12      0.08      0.10        12
         143       0.57      0.67      0.62        12
         144       0.56      0.77      0.65        13
         145       0.43      0.30      0.35        10
         146       0.00      0.00      0.00         6
         147       0.29      0.40      0.33        10
         148       0.78      0.88      0.82         8
         149       0.39      0.64      0.49        14
         150       0.23      0.28      0.25        18
         151       0.25      0.18      0.21        11
         152       0.33      0.21      0.26        14
         153       0.40      0.11      0.17        18
         154       0.26      0.36      0.30        14
         155       0.09      0.38      0.15         8
         156       0.00      0.00      0.00         7
         157       0.07      0.23      0.11        13
         158       0.78      0.64      0.70        11
         159       0.55      0.50      0.52        12
         160       0.35      0.43      0.39        14
         161       0.08      0.04      0.06        23
         162       0.40      0.27      0.32        15
         163       0.33      0.19      0.24        26
         164       0.25      0.17      0.20        12
         165       0.82      0.69      0.75        13
         166       0.33      0.25      0.29        12
         167       0.22      0.20      0.21        10
         168       0.07      0.17      0.10        12
         169       0.07      0.10      0.08        10
         170       0.71      0.62      0.67         8
         171       0.19      0.37      0.25        19
         172       0.20      0.50      0.29        14
         173       0.46      0.46      0.46        13
         174       0.37      0.43      0.40        23
         175       0.62      0.62      0.62         8
         176       0.14      0.25      0.18        16
         177       0.50      0.35      0.41        20
         178       1.00      1.00      1.00        16
         179       0.20      0.42      0.27        12
         180       0.46      0.24      0.32        25
         181       0.06      0.04      0.05        25
         182       0.19      0.23      0.21        22
         183       0.40      0.22      0.29        18
         184       0.33      0.27      0.30        15
         185       0.22      0.29      0.25        14
         186       0.24      0.56      0.33         9
         187       0.73      0.47      0.57        17
         188       0.50      0.25      0.33        16
         189       0.33      0.40      0.36        20
         190       0.27      0.37      0.31        19
         191       0.50      0.15      0.23        20
         192       0.07      0.07      0.07        14
         193       0.94      1.00      0.97        17
         194       0.67      0.67      0.67         6
         195       1.00      1.00      1.00        10
         196       0.09      0.20      0.12        15
         197       0.25      0.40      0.31        20
         198       0.90      0.75      0.82        12
         199       0.13      0.20      0.16        10
         200       0.33      0.20      0.25        10
         201       0.06      0.07      0.06        15
         202       0.07      0.20      0.10        10
         203       0.40      0.46      0.43        13
         204       0.44      0.29      0.35        14
         205       0.24      0.25      0.24        20
         206       0.88      0.88      0.88        17
         207       0.80      0.80      0.80        10
         208       0.88      0.85      0.86        26
         209       0.78      0.78      0.78         9
         210       0.33      0.42      0.37        12
         211       0.77      0.65      0.70        31
         212       0.27      0.19      0.22        16
         213       0.69      0.60      0.64        15
         214       0.00      0.00      0.00        12
         215       0.50      0.24      0.32        17
         216       0.38      0.50      0.43        10
         217       0.71      0.77      0.74        13
         218       0.45      0.83      0.59        12
         219       0.55      0.67      0.60         9
         220       0.50      0.21      0.30        14
         221       0.14      0.14      0.14        14
         222       0.67      0.73      0.70        11
         223       0.16      0.17      0.16        18
         224       0.00      0.00      0.00        10
         225       0.38      0.21      0.27        14
         226       0.41      0.33      0.37        21
         227       0.84      0.62      0.71        26
         228       0.42      0.36      0.38        14
         229       0.14      0.10      0.12        10
         230       0.83      0.71      0.77        14
         231       0.82      0.82      0.82        11
         232       0.55      0.35      0.43        17
         233       0.50      0.23      0.32        13
         234       0.67      0.71      0.69        14
         235       0.64      0.69      0.67        13
         236       0.21      0.33      0.26         9
         237       0.93      0.87      0.90        15
         238       0.10      0.30      0.15        10
         239       0.87      0.72      0.79        18
         240       0.85      0.65      0.73        17
         241       1.00      0.67      0.80         6
         242       0.14      0.21      0.17        14
         243       0.60      0.23      0.33        13
         244       0.09      0.13      0.11        15
         245       0.43      0.16      0.23        19
         246       0.64      0.54      0.58        13
         247       0.26      0.62      0.37         8
         248       1.00      1.00      1.00        19
         249       0.00      0.00      0.00        18
         250       1.00      0.92      0.96        12
         251       0.33      0.38      0.36        13
         252       0.33      0.15      0.21        13
         253       0.44      0.55      0.49        22
         254       0.16      0.27      0.20        11
         255       1.00      1.00      1.00        21
         256       0.21      0.21      0.21        14
         257       0.26      0.38      0.31        13
         258       0.75      0.75      0.75         8
         259       0.30      0.23      0.26        13
         260       0.23      0.15      0.18        20
         261       0.80      0.92      0.86        13
         262       0.35      0.67      0.46         9
         263       0.25      0.40      0.31        10
         264       0.44      0.29      0.35        14
         265       0.55      0.43      0.48        14
         266       0.33      0.43      0.38        14
         267       0.29      0.40      0.33         5
         268       0.07      0.11      0.09         9
         269       1.00      1.00      1.00        18
         270       0.41      0.44      0.42        16
         271       0.20      0.14      0.17        14
         272       0.80      0.73      0.76        11
         273       0.25      0.25      0.25        24
         274       0.31      0.47      0.37        17
         275       0.00      0.00      0.00         0
         276       0.33      0.46      0.39        13
         277       0.67      0.22      0.33        18
         278       1.00      1.00      1.00        16
         279       0.50      0.62      0.56        16
         280       0.00      0.00      0.00         5
         281       0.54      0.50      0.52        14
         282       0.50      0.40      0.44        10
         283       0.70      0.78      0.74         9
         284       0.55      0.61      0.58        18
         285       0.12      0.07      0.09        14
         286       0.22      0.71      0.33         7
         287       0.38      0.27      0.32        11
         288       0.94      0.94      0.94        16
         289       0.00      0.00      0.00        16
         290       0.55      0.71      0.62        17
         291       0.44      0.53      0.48        15
         292       0.94      0.88      0.91        17
         293       1.00      1.00      1.00        15
         294       0.69      0.82      0.75        11
         295       0.93      0.93      0.93        15
         296       1.00      0.78      0.88         9

    accuracy                           0.43      4243
   macro avg       0.45      0.43      0.42      4243
weighted avg       0.47      0.43      0.43      4243
