Classification report:
               precision    recall  f1-score   support

           0       0.00      0.00      0.00        10
           1       0.11      0.33      0.16         6
           2       0.35      0.40      0.38        15
           3       0.09      0.08      0.09        12
           4       0.24      0.31      0.27        13
           5       0.60      0.19      0.29        16
           6       0.20      0.17      0.18        12
           7       0.35      0.54      0.42        13
           8       0.82      0.61      0.70        23
           9       0.62      0.38      0.47        21
          10       0.08      0.08      0.08        12
          11       0.35      0.40      0.38        15
          12       0.17      0.18      0.17        11
          13       0.11      0.12      0.11        17
          14       0.82      0.82      0.82        22
          15       0.14      0.09      0.11        11
          16       0.11      0.14      0.12        14
          17       0.10      0.08      0.09        26
          18       0.07      0.10      0.08        20
          19       0.07      0.07      0.07        14
          20       0.06      0.07      0.06        14
          21       0.19      0.24      0.21        17
          22       0.19      0.30      0.24        20
          23       0.17      0.24      0.20        17
          24       0.17      0.10      0.12        21
          25       0.09      0.09      0.09        11
          26       0.00      0.00      0.00         7
          27       0.00      0.00      0.00        22
          28       0.42      0.42      0.42        19
          29       0.68      0.54      0.60        24
          30       0.25      0.30      0.27        10
          31       0.08      0.09      0.08        11
          32       0.90      0.69      0.78        13
          33       0.06      0.06      0.06        18
          34       0.38      0.75      0.50         8
          35       1.00      0.39      0.56        18
          36       0.17      0.20      0.18        10
          37       0.42      0.50      0.45        20
          38       0.21      0.23      0.22        22
          39       1.00      0.83      0.90        23
          40       0.82      0.82      0.82        11
          41       0.58      0.30      0.40        23
          42       0.00      0.00      0.00         8
          43       0.58      0.47      0.52        15
          44       0.75      0.69      0.72        13
          45       1.00      0.50      0.67         2
          46       0.11      0.10      0.10        21
          47       0.22      0.18      0.20        11
          48       0.15      0.11      0.13        18
          49       0.75      0.75      0.75        16
          50       0.19      0.19      0.19        16
          51       0.06      0.05      0.06        19
          52       0.12      0.14      0.13        14
          53       1.00      0.93      0.96        28
          54       0.55      0.50      0.52        12
          55       0.62      0.38      0.48        13
          56       0.15      0.18      0.17        11
          57       0.73      0.58      0.65        19
          58       0.21      0.33      0.26        12
          59       0.07      0.08      0.08        12
          60       0.40      0.22      0.29        18
          61       0.26      0.33      0.29        15
          62       0.36      0.50      0.42        10
          63       0.20      0.11      0.14         9
          64       0.75      0.27      0.40        11
          65       0.08      0.20      0.12         5
          66       0.17      0.09      0.12        11
          67       0.13      0.24      0.17        17
          68       0.14      0.17      0.15        12
          69       0.08      0.06      0.06        18
          70       0.50      0.53      0.51        17
          71       0.36      0.33      0.34        15
          72       0.00      0.00      0.00        14
          73       0.17      0.10      0.12        10
          74       0.00      0.00      0.00        10
          75       0.00      0.00      0.00        14
          76       0.50      0.29      0.36        14
          77       0.18      0.21      0.19        14
          78       0.00      0.00      0.00         8
          79       0.29      0.26      0.28        19
          80       0.38      0.25      0.30        12
          81       0.13      0.10      0.11        20
          82       0.10      0.20      0.13        10
          83       0.38      0.27      0.32        11
          84       0.30      0.47      0.37        15
          85       0.31      0.29      0.30        17
          86       0.62      0.50      0.55        16
          87       0.10      0.12      0.11        16
          88       0.23      0.25      0.24        12
          89       0.31      0.33      0.32        15
          90       0.71      0.56      0.63         9
          91       0.09      0.05      0.06        20
          92       0.09      0.08      0.09        12
          93       0.31      0.15      0.21        26
          94       0.55      0.50      0.52        12
          95       0.30      0.38      0.33         8
          96       0.12      0.14      0.13        14
          97       0.08      0.09      0.09        11
          98       0.85      0.69      0.76        16
          99       0.14      0.17      0.15        12
         100       0.00      0.00      0.00        14
         101       0.67      0.44      0.53         9
         102       0.50      0.29      0.36        14
         103       0.10      0.06      0.08        16
         104       0.13      0.16      0.14        19
         105       0.23      0.33      0.27         9
         106       0.27      0.36      0.31        11
         107       0.70      0.26      0.38        27
         108       0.00      0.00      0.00         8
         109       0.42      0.62      0.50        13
         110       0.19      0.14      0.16        22
         111       0.00      0.00      0.00         1
         112       0.29      0.50      0.36        12
         113       0.75      0.92      0.83        13
         114       0.32      0.33      0.32        18
         115       0.30      0.47      0.37        19
         116       0.19      0.27      0.22        15
         117       1.00      1.00      1.00        10
         118       0.13      0.12      0.13        16
         119       0.33      0.12      0.17        17
         120       0.96      0.96      0.96        25
         121       0.24      0.19      0.21        21
         122       0.12      0.13      0.12        15
         123       0.18      0.33      0.23        15
         124       0.60      0.50      0.55         6
         125       0.33      0.50      0.40         6
         126       0.06      0.09      0.07        11
         127       0.21      0.33      0.26        12
         128       0.31      0.40      0.35        10
         129       0.09      0.10      0.10        10
         130       1.00      1.00      1.00        11
         131       0.08      0.07      0.07        15
         132       0.43      0.33      0.38         9
         133       0.60      0.43      0.50        14
         134       0.29      0.25      0.27        16
         135       0.57      0.65      0.60        20
         136       0.69      0.85      0.76        13
         137       0.00      0.00      0.00         7
         138       0.20      0.33      0.25         9
         139       0.14      0.23      0.18        13
         140       0.20      0.13      0.16        23
         141       0.00      0.00      0.00        10
         142       0.00      0.00      0.00         9
         143       0.36      0.44      0.40         9
         144       0.00      0.00      0.00         9
         145       0.06      0.07      0.06        14
         146       0.12      0.25      0.17         8
         147       0.40      0.29      0.33         7
         148       1.00      0.75      0.86        12
         149       0.36      0.38      0.37        13
         150       0.29      0.24      0.26        21
         151       0.25      0.20      0.22        15
         152       0.33      0.31      0.32        16
         153       0.12      0.13      0.13        15
         154       0.09      0.11      0.10         9
         155       0.09      0.09      0.09        11
         156       0.21      0.36      0.27        11
         157       0.08      0.05      0.06        20
         158       0.85      0.85      0.85        13
         159       0.67      0.60      0.63        10
         160       0.15      0.18      0.17        11
         161       0.08      0.06      0.07        16
         162       0.32      0.33      0.32        18
         163       0.07      0.07      0.07        14
         164       0.06      0.07      0.06        15
         165       0.67      0.43      0.52        14
         166       0.31      0.25      0.28        16
         167       0.10      0.08      0.09        13
         168       0.00      0.00      0.00        16
         169       0.33      0.20      0.25        10
         170       0.50      0.42      0.45        12
         171       0.16      0.29      0.20        17
         172       0.18      0.26      0.21        23
         173       0.23      0.23      0.23        13
         174       0.11      0.12      0.11        17
         175       0.09      0.09      0.09        11
         176       0.06      0.11      0.08        18
         177       0.25      0.29      0.27        14
         178       1.00      1.00      1.00         6
         179       0.07      0.05      0.06        20
         180       0.20      0.14      0.17        14
         181       0.00      0.00      0.00        21
         182       0.06      0.13      0.09        15
         183       0.00      0.00      0.00        14
         184       0.25      0.09      0.13        11
         185       0.07      0.05      0.06        20
         186       0.12      0.13      0.13        15
         187       0.67      0.62      0.64        13
         188       0.00      0.00      0.00        14
         189       0.20      0.17      0.18        18
         190       0.27      0.14      0.19        28
         191       0.08      0.06      0.07        16
         192       0.08      0.08      0.08        12
         193       1.00      0.80      0.89        15
         194       0.00      0.00      0.00         9
         195       1.00      1.00      1.00         8
         196       0.12      0.12      0.12        24
         197       0.26      0.23      0.24        22
         198       0.80      0.92      0.86        13
         199       0.08      0.05      0.06        19
         200       0.40      0.60      0.48        10
         201       0.06      0.08      0.07        12
         202       0.18      0.14      0.15        22
         203       0.21      0.17      0.19        18
         204       0.33      0.40      0.36        10
         205       0.20      0.21      0.21        19
         206       1.00      0.75      0.86        12
         207       0.59      0.71      0.65        14
         208       0.81      0.85      0.83        26
         209       0.36      0.80      0.50         5
         210       0.12      0.09      0.11        11
         211       0.61      0.68      0.64        28
         212       0.00      0.00      0.00        11
         213       0.45      0.42      0.43        12
         214       0.08      0.07      0.07        14
         215       0.23      0.14      0.18        21
         216       0.17      0.08      0.11        13
         217       0.40      0.50      0.44        12
         218       0.27      0.33      0.30         9
         219       0.47      0.57      0.52        14
         220       0.12      0.17      0.14         6
         221       0.00      0.00      0.00        14
         222       0.31      0.36      0.33        11
         223       0.06      0.12      0.08        17
         224       0.11      0.10      0.11        10
         225       0.60      0.23      0.33        13
         226       0.12      0.14      0.13        14
         227       0.38      0.26      0.31        23
         228       0.05      0.08      0.06        13
         229       0.06      0.11      0.08         9
         230       0.55      0.43      0.48        14
         231       0.95      1.00      0.98        21
         232       0.41      0.58      0.48        12
         233       0.50      0.31      0.38        13
         234       0.33      0.50      0.40         4
         235       0.70      0.84      0.76        19
         236       0.25      0.09      0.13        11
         237       0.70      0.62      0.65        26
         238       0.00      0.00      0.00        16
         239       0.64      0.58      0.61        12
         240       0.85      0.55      0.67        20
         241       0.57      0.44      0.50        18
         242       0.12      0.18      0.15        11
         243       0.25      0.20      0.22        15
         244       0.00      0.00      0.00        15
         245       0.24      0.40      0.30        10
         246       0.55      0.75      0.63         8
         247       0.44      0.40      0.42        10
         248       1.00      1.00      1.00        21
         249       0.17      0.11      0.13        19
         250       1.00      0.88      0.94        17
         251       0.18      0.13      0.15        15
         252       0.12      0.08      0.10        13
         253       0.27      0.19      0.22        16
         254       0.22      0.13      0.17        15
         255       1.00      0.94      0.97        16
         256       0.20      0.26      0.23        19
         257       0.19      0.16      0.17        19
         258       0.50      0.44      0.47         9
         259       0.26      0.36      0.30        14
         260       0.14      0.16      0.15        19
         261       0.27      0.50      0.35         6
         262       0.20      0.19      0.20        21
         263       0.25      0.50      0.33         6
         264       0.33      0.47      0.39        17
         265       0.00      0.00      0.00        10
         266       0.14      0.06      0.08        18
         267       0.50      0.40      0.44        10
         268       0.08      0.05      0.06        21
         269       1.00      1.00      1.00         7
         270       0.00      0.00      0.00        10
         271       0.11      0.12      0.11        16
         272       0.45      0.56      0.50         9
         273       0.28      0.32      0.30        22
         274       0.00      0.00      0.00        21
         275       0.00      0.00      0.00         2
         276       0.00      0.00      0.00         7
         277       0.25      0.14      0.18        14
         278       0.94      0.94      0.94        16
         279       0.39      0.44      0.41        16
         280       0.20      0.08      0.12        12
         281       0.22      0.12      0.16        16
         282       0.29      0.36      0.32        11
         283       0.71      0.86      0.77        14
         284       0.39      0.50      0.44        14
         285       0.00      0.00      0.00        12
         286       0.36      0.33      0.35        12
         287       0.08      0.07      0.07        14
         288       1.00      0.91      0.95        22
         289       0.04      0.08      0.06        12
         290       0.45      0.38      0.42        13
         291       0.50      0.60      0.55        10
         292       0.62      0.91      0.74        11
         293       1.00      1.00      1.00        22
         294       0.33      0.50      0.40         6
         295       0.89      0.84      0.86        19
         296       0.71      0.83      0.77         6

    accuracy                           0.31      4243
   macro avg       0.32      0.31      0.31      4243
weighted avg       0.33      0.31      0.32      4243
